162
10
0.75	9.5	12
41123	0	0	0	0	6	14	6	14	6	14	6	14	6	14	6	14	6	14	6	14	6	14	6	14	
313785	3	0.2	1.7	1	6	13	6	14	6	12	6	14	6	12	7	14	7	13	7	13	7	13	7	13	
13258	21	0.2	0.94	1	6	14	7	14	6	12	6	14	7	14	6	12	6	12	7	14	7	14	7	13	
385118	17	0.2	2.7	1	6	12	6	13	6	12	6	14	7	13	6	14	6	13	6	12	7	13	6	12	
3720	20	0.2	1.9	1	6	13	7	13	6	14	7	14	7	14	7	13	6	12	7	14	6	12	6	13	
364264	21	0.2	0.93	1	6	14	7	13	7	14	7	14	6	12	7	13	7	13	7	13	7	13	6	12	
157776	8	0.2	1.4	1	6	13	6	13	6	12	6	14	7	14	7	13	6	12	6	14	7	14	7	13	
166244	13	0.2	1.9	1	6	14	7	14	7	14	7	13	6	13	6	14	7	14	6	12	7	13	7	14	
387008	31	0.2	0.93	1	6	12	6	13	6	12	7	13	6	12	7	14	7	14	6	14	7	13	7	13	
386129	14	0.2	0.31	1	7	13	6	14	7	14	7	14	6	12	6	12	7	13	7	13	7	13	7	14	
386129	12	0.2	0.52	1	7	13	6	12	6	13	7	13	7	14	7	14	7	14	6	13	7	14	7	13	
160818	12	0.2	1.3	1	6	14	7	14	6	12	6	12	7	14	6	13	7	13	7	13	6	14	7	13	
327049	27	0.2	1.4	1	6	13	7	13	6	14	6	13	7	14	7	14	7	14	6	13	7	13	6	12	
402721	38	0.2	2.4	1	7	14	7	14	7	13	7	14	7	14	6	14	7	14	6	14	7	13	7	13	
44863	19	0.2	0.26	1	6	12	6	12	7	14	6	12	7	13	7	14	7	14	6	14	7	13	7	14	
270930	17	0.2	2.2	1	6	12	6	13	7	13	7	14	7	14	7	14	7	13	6	14	6	14	6	12	
7062	24	0.2	2.5	1	7	13	7	14	6	14	7	14	7	14	6	13	6	14	7	13	6	12	7	13	
19163	32	0.2	0.93	1	6	13	7	13	6	12	7	14	6	14	7	14	7	13	7	14	7	14	7	14	
372338	9	0.2	8.8	1	7	14	7	13	6	12	6	12	6	13	7	13	7	13	7	13	6	13	6	12	
373339	31	0.2	0.11	1	7	14	7	13	7	14	7	13	6	13	6	12	7	13	6	12	6	12	7	13	
18180	16	0.2	2	1	6	13	6	12	7	13	7	13	7	14	7	13	7	14	7	13	7	14	6	14	
244826	22	0.2	1.6	1	6	12	7	14	7	13	7	13	6	13	6	13	7	14	7	14	7	14	6	12	
22219	19	0.2	0.06	1	6	13	6	12	6	13	7	13	7	14	6	13	6	14	6	12	7	14	6	14	
56570	3	0.2	1.3	1	7	13	6	13	7	13	7	14	7	14	6	14	6	14	6	14	6	12	7	13	
362153	37	0.2	2.9	1	6	12	7	14	6	14	7	13	7	13	6	14	6	14	7	13	7	14	7	14	
5601	20	0.2	0.21	1	7	14	7	13	7	14	7	13	6	14	6	14	7	13	6	14	7	13	7	13	
212157	20	0.2	1.4	1	7	13	7	14	6	12	6	13	6	12	7	13	6	12	6	14	7	13	7	13	
16160	28	0.2	1.6	1	7	13	6	14	6	13	7	13	7	13	6	14	6	12	7	14	7	14	6	12	
371072	36	0.2	0.84	1	6	12	7	14	7	13	6	14	7	14	7	14	6	13	7	14	7	14	6	14	
326079	24	0.2	1.5	1	7	14	6	13	7	13	7	13	7	13	6	13	6	13	7	13	6	14	6	12	
371580	6	0.2	3.8	1	7	13	7	13	7	14	7	14	7	13	6	14	6	13	6	14	7	14	6	12	
416467	27	0.2	22	1	6	12	6	14	7	13	6	13	6	14	6	12	7	14	6	14	6	14	7	13	
42104	4	0.2	1.3	1	7	14	7	14	6	13	6	13	6	13	6	12	6	14	6	12	7	13	7	13	
174355	30	0.2	3	1	6	14	6	12	7	13	6	14	6	12	6	12	7	13	7	14	6	12	6	14	
175680	34	0.2	0.95	1	6	12	7	13	7	13	6	14	7	14	6	12	6	14	6	14	6	14	7	14	
765	37	0.2	1.3	1	6	14	6	12	6	12	7	13	7	14	7	13	6	12	6	13	7	13	7	13	
368836	23	0.2	3.2	1	6	12	7	14	7	14	6	13	6	13	6	12	7	13	7	13	7	14	6	12	
214376	6	0.2	2	1	7	14	7	13	7	14	7	14	6	13	6	14	6	13	6	12	6	14	7	13	
40173	14	0.2	0.24	1	6	14	7	13	6	14	7	14	7	13	6	12	6	14	7	13	6	12	6	14	
39510	32	0.2	0.77	1	6	13	6	12	7	14	6	12	7	13	7	13	7	13	6	14	7	14	7	13	
16424	28	0.2	1.4	1	6	12	7	14	6	12	7	13	6	13	7	13	6	13	7	14	6	12	6	14	
19052	39	0.2	0.93	1	6	14	6	14	6	13	6	13	6	12	7	14	6	14	6	13	7	14	7	13	
326308	22	0.2	2.8	1	7	14	7	14	7	13	6	12	6	13	7	13	6	13	6	12	7	14	6	13	
373972	6	0.2	0.15	1	6	14	7	14	6	13	7	13	7	14	6	12	7	14	7	14	6	14	7	14	
929	31	0.2	2	1	6	12	6	12	6	12	6	12	6	14	6	13	6	12	6	12	7	14	6	12	
13258	7	0.2	0.21	1	6	14	6	12	7	13	7	14	7	14	6	13	6	14	6	14	7	13	6	14	
231494	24	0.2	3.3	1	7	13	6	13	6	12	7	14	6	14	7	13	6	13	7	14	6	13	7	13	
347964	10	0.2	1.9	1	6	13	6	12	6	12	6	12	6	14	6	14	6	14	6	14	7	13	6	14	
40298	29	0.2	1	1	7	14	7	13	7	14	6	13	6	14	7	13	6	13	7	13	6	12	7	14	
4194	18	0.2	2.3	1	7	14	7	13	7	14	6	14	7	13	7	13	6	14	6	14	7	13	6	12	
24407	5	0.2	2.5	1	7	14	6	14	6	13	7	14	6	13	6	14	6	13	6	12	6	12	7	13	
210867	3	0.2	1	1	7	14	7	13	7	13	6	14	6	13	7	13	6	12	7	14	6	13	6	13	
38016	33	0.2	2.6	1	6	14	7	13	6	13	7	13	7	14	6	13	6	13	6	13	6	13	6	12	
5925	20	0.2	0.46	1	6	14	7	14	7	14	6	12	7	13	7	13	6	14	6	14	6	13	6	13	
16018	37	0.2	6.3	1	6	13	7	13	6	12	6	14	7	13	7	13	6	13	6	12	6	12	7	13	
177771	31	0.2	1.4	1	6	13	7	13	6	13	7	13	6	13	6	14	6	13	6	12	6	14	7	13	
347964	29	0.2	1.9	1	6	13	7	13	7	14	6	14	7	13	6	12	6	14	6	13	6	14	7	13	
60597	27	0.2	0.21	1	7	14	7	13	6	14	7	14	7	13	6	13	7	14	6	14	6	12	6	12	
160818	31	0.2	0.11	1	7	13	7	14	7	14	6	14	6	12	7	13	6	13	7	13	7	14	7	13	
60536	35	0.2	0.93	1	6	13	6	12	6	12	7	13	7	13	7	14	7	13	7	14	7	13	6	14	
40355	38	0.2	0.16	1	6	12	7	13	7	14	6	13	7	14	7	13	7	13	7	14	6	13	6	14	
171803	32	0.2	2.4	1	6	14	7	13	7	13	7	14	7	13	6	12	6	12	7	14	7	14	7	14	
396750	33	0.2	2.9	1	6	13	7	13	6	13	7	13	6	14	7	13	6	12	6	14	6	13	7	14	
211108	39	0.2	1.7	1	6	13	6	12	7	14	7	13	7	13	7	14	7	14	7	14	6	13	6	12	
18180	10	0.2	0.94	1	7	13	7	13	6	14	7	13	7	14	7	14	7	13	7	14	6	12	6	14	
162644	16	0.2	3	1	7	13	6	12	7	14	7	14	6	14	7	14	7	14	6	13	6	12	6	14	
362155	38	0.2	7.7	1	6	14	6	13	6	12	7	13	7	14	7	14	7	14	6	14	6	12	6	14	
325548	32	0.2	1.3	1	6	14	6	13	6	12	6	13	7	13	7	13	6	12	6	12	6	12	6	14	
43811	12	0.2	2.9	1	7	13	7	13	6	13	7	13	7	13	6	13	7	14	7	13	7	14	6	13	
160818	38	0.2	0.06	1	6	13	7	13	7	13	7	13	7	13	7	13	7	14	7	13	7	14	6	14	
210009	29	0.2	6	1	7	14	7	14	6	12	7	14	7	14	6	14	7	13	6	13	6	14	6	12	
48395	30	0.2	0.24	1	6	12	6	12	7	14	6	12	7	13	6	13	6	12	6	12	7	14	7	14	
19706	16	0.2	1.6	1	7	14	7	14	7	14	6	12	6	13	7	14	6	13	7	14	6	13	7	14	
267041	18	0.2	1.2	1	7	14	7	14	7	13	6	12	7	14	7	14	7	13	7	14	7	13	6	13	
378640	22	0.2	0.77	1	7	13	7	13	7	13	7	13	6	13	7	14	7	14	7	13	7	13	7	14	
325186	35	0.2	21	1	7	13	7	13	7	13	6	14	7	13	7	14	6	14	6	13	6	13	7	13	
291637	24	0.2	1.6	1	6	13	7	14	7	13	6	13	6	13	7	14	7	13	6	12	7	14	7	14	
329252	31	0.2	3.2	1	6	12	6	13	6	12	6	14	7	14	7	13	7	13	7	13	6	12	7	13	
287775	19	0.2	4.5	1	7	13	7	14	6	14	6	14	7	14	6	13	7	14	6	13	7	13	6	12	
212369	19	0.2	1.1	1	7	14	7	14	7	13	7	14	7	13	6	13	7	14	7	14	6	13	7	13	
271071	39	0.2	4	1	7	13	7	14	6	13	6	12	7	14	6	13	7	14	6	14	7	13	7	13	
168058	13	0.2	2.5	1	6	14	7	14	6	14	7	13	6	14	7	13	7	13	7	13	7	14	7	13	
5601	27	0.2	0.52	1	7	13	6	14	7	13	6	13	6	13	6	12	6	14	7	13	6	14	7	13	
161516	22	0.2	3.4	1	7	14	7	14	7	14	6	12	7	14	6	12	6	14	7	14	6	14	7	14	
37684	26	0.2	0.61	1	6	14	7	14	6	14	6	12	6	12	6	12	7	13	6	13	7	13	6	12	
16959	37	0.2	0.11	1	7	14	6	14	7	13	7	14	7	14	7	13	6	14	6	13	6	14	7	13	
365112	24	0.2	2.1	1	7	14	7	14	7	14	6	13	6	14	6	13	6	12	7	13	7	14	6	14	
392661	14	0.2	3.3	1	6	14	7	13	6	14	7	14	7	14	6	12	6	14	7	14	7	13	7	13	
290308	6	0.2	3.4	1	7	13	7	13	6	13	7	14	6	14	7	13	6	13	7	13	7	14	6	12	
182322	9	0.2	2.5	1	6	13	7	13	6	13	7	13	6	14	7	13	7	14	7	13	6	12	6	14	
387026	23	0.2	0.69	1	6	14	7	13	6	13	7	14	6	14	6	12	7	14	7	13	7	13	6	12	
240713	19	0.2	0.93	1	7	14	7	14	6	14	6	12	7	13	7	13	6	14	6	13	6	13	7	14	
263072	31	0.2	5.7	1	7	14	6	13	6	14	6	13	7	13	7	13	7	13	6	13	6	12	6	14	
48395	18	0.2	3.3	1	7	14	7	14	7	13	6	12	6	13	7	13	7	14	7	13	6	12	7	13	
162551	14	0.2	0.31	1	7	14	7	13	6	13	7	13	6	14	7	14	7	13	6	13	7	14	7	13	
381984	39	0.2	0.91	1	7	14	6	13	7	14	6	12	6	12	6	12	6	13	7	13	6	14	7	13	
10557	11	0.2	2.6	1	7	14	7	14	7	14	6	12	7	14	7	14	6	13	7	13	7	14	6	13	
20563	12	0.2	3.9	1	7	14	7	13	6	14	7	13	7	14	7	14	6	14	6	14	6	13	7	13	
14687	16	0.2	0.72	1	6	12	7	13	6	12	7	13	7	13	6	14	6	13	7	13	6	13	7	13	
24418	37	0.2	1	1	7	13	6	13	7	13	6	13	6	13	6	12	6	13	6	14	6	14	6	13	
369298	6	0.2	2.4	1	7	13	7	14	7	14	6	13	7	14	6	14	6	12	7	14	6	13	7	13	
344288	37	0.2	36	1	6	13	7	13	6	13	6	14	6	12	6	13	7	13	6	12	6	12	6	12	
227572	33	0.2	0.56	1	7	14	6	12	7	14	7	14	7	14	7	14	7	13	6	12	7	13	7	13	
368017	38	0.2	3.4	1	6	12	6	13	7	14	7	14	6	12	6	12	7	14	7	14	7	13	6	13	
363690	19	0.2	0.46	1	6	14	7	14	7	14	6	13	7	14	6	13	7	14	6	12	7	13	6	13	
38688	7	0.2	14	1	6	14	7	14	7	14	6	14	7	14	6	13	7	13	6	13	7	14	6	12	
231863	25	0.2	1.6	1	7	14	7	14	6	14	6	14	7	13	7	13	6	13	7	14	6	13	6	12	
172198	16	0.2	0.42	1	7	14	6	13	6	12	6	14	6	13	6	13	7	14	6	14	7	14	7	14	
36279	6	0.2	1.2	1	7	14	7	13	7	14	6	14	7	13	7	14	7	13	6	12	7	14	7	14	
161055	6	0.2	0.33	1	7	13	6	12	6	14	6	14	7	14	7	14	6	14	7	14	6	12	6	12	
183414	1	0.2	28	1	6	13	6	14	6	13	6	14	6	14	6	13	6	12	7	14	7	14	6	12	
165179	30	0.2	0.93	1	7	14	7	14	7	13	7	13	7	14	7	14	6	12	6	14	7	13	7	13	
4077	3	0.2	3.4	1	6	14	7	13	7	14	7	14	6	13	7	13	7	14	7	14	7	14	7	14	
38916	15	0.2	2.4	1	7	14	6	13	6	12	6	12	7	13	7	14	6	13	6	12	7	13	6	13	
48397	2	0.2	0.93	1	6	12	6	13	6	14	7	14	6	14	7	13	7	14	6	12	6	12	6	12	
212369	31	0.2	1.3	1	7	14	6	14	7	14	6	12	7	14	6	14	7	13	6	13	7	14	6	13	
311895	19	0.2	0.61	1	7	14	6	13	7	14	7	13	6	12	7	14	7	14	7	13	7	14	7	14	
271807	24	0.2	0.43	1	7	13	6	13	6	13	6	13	6	14	6	12	6	14	7	14	6	13	7	14	
287566	13	0.2	5.2	1	6	14	7	14	7	14	7	14	6	13	7	14	6	13	7	14	6	14	7	13	
307372	28	0.2	0.93	1	7	13	7	13	6	12	7	13	6	12	6	14	6	14	6	14	6	12	6	14	
18573	16	0.2	2.3	1	7	14	7	14	7	13	7	14	6	13	6	14	7	14	6	13	6	12	7	13	
211242	2	0.2	1.3	1	6	13	7	13	6	12	7	14	7	14	6	13	7	14	7	13	6	13	6	12	
212213	31	0.2	2	1	6	13	7	14	7	14	6	12	6	13	6	13	7	14	6	12	6	14	6	14	
39491	36	0.2	7.5	1	6	12	7	13	7	13	6	13	6	12	6	13	6	14	6	14	6	13	7	14	
53629	34	0.2	0.76	1	7	14	7	14	7	13	7	14	6	13	7	14	6	13	7	13	7	13	6	12	
4072	9	0.2	0.65	1	6	13	6	14	7	14	7	14	6	14	7	14	7	14	7	14	7	13	6	12	
356315	3	0.2	1.3	1	6	12	7	13	7	13	7	14	7	13	7	14	6	13	6	12	6	13	7	13	
269163	22	0.2	2.5	1	6	12	6	14	7	13	7	14	7	13	7	14	6	14	6	13	6	12	6	12	
159743	14	0.2	0.93	1	7	14	6	12	7	14	6	14	6	12	6	14	7	13	6	14	6	14	7	14	
35070	15	0.2	20	1	6	14	7	14	6	12	6	13	6	12	6	14	7	14	7	13	6	13	7	14	
328981	2	0.2	0.21	1	7	14	6	13	7	13	6	14	6	13	7	14	7	14	7	13	6	13	6	14	
240699	12	0.2	0.93	1	7	13	7	14	7	13	6	12	7	13	6	12	6	12	6	14	7	13	7	13	
43224	20	0.2	1.3	1	6	12	7	13	6	14	6	13	7	14	6	12	6	14	6	14	7	14	6	12	
38403	16	0.2	0.51	1	6	14	7	14	6	13	7	13	7	13	7	13	7	14	6	14	6	12	6	13	
41023	2	0.2	1.3	1	6	12	7	14	6	14	7	13	7	14	7	14	6	14	6	14	7	13	7	13	
380583	5	0.2	2.5	1	6	13	6	12	7	13	7	14	6	12	7	13	6	12	7	14	6	12	6	13	
372743	38	0.2	1.3	1	7	13	7	14	6	12	7	14	7	14	6	13	7	13	6	13	6	13	6	14	
328981	25	0.2	3.5	1	6	12	6	14	7	13	6	12	6	13	6	14	6	12	7	13	7	13	7	14	
16024	6	0.2	4.4	1	7	13	7	13	6	12	6	13	7	13	7	14	7	13	7	14	7	13	7	14	
288005	29	0.2	1.5	1	6	13	7	14	7	13	6	13	6	13	7	13	6	14	6	14	7	13	7	13	
212847	28	0.2	18	1	6	14	6	14	6	14	6	13	7	14	6	14	7	13	6	12	7	14	6	12	
326268	14	0.2	2.1	1	7	13	6	14	7	13	7	13	7	14	7	13	7	13	6	13	7	14	6	12	
349705	3	0.2	8.1	1	6	14	7	14	6	13	7	13	6	13	7	14	6	12	7	14	6	12	6	13	
7534	25	0.2	0.79	1	6	12	6	13	6	14	6	14	7	14	7	14	6	13	7	13	7	13	6	12	
176810	10	0.2	4.7	1	6	12	7	13	6	13	6	14	7	14	6	13	6	12	6	14	6	14	7	13	
313785	9	0.2	0.21	1	6	14	6	13	6	13	7	13	7	14	6	14	6	13	6	12	6	14	7	13	
175640	18	0.2	0.8	1	6	14	6	14	7	13	6	13	7	13	6	12	7	13	7	14	7	13	7	13	
18205	35	0.2	2.1	1	7	13	7	14	7	13	6	12	6	12	6	14	7	13	6	13	6	12	6	13	
11867	9	0.2	4.3	1	6	12	6	12	7	14	6	12	7	13	7	14	7	13	7	13	6	12	7	13	
268875	3	0.2	0.62	1	7	13	7	13	6	12	6	14	6	13	6	13	6	14	6	12	6	14	6	14	
357301	25	0.2	0.92	1	7	14	7	13	6	14	7	14	7	13	7	13	6	13	7	13	7	14	6	13	
17459	27	0.2	6.6	1	7	13	7	14	6	13	7	14	7	13	7	13	6	14	7	13	7	13	7	14	
373339	26	0.2	0.51	1	6	12	6	14	7	14	7	14	6	14	7	14	7	13	6	14	6	14	6	13	
358281	12	0.2	2.6	1	6	12	7	13	6	12	6	12	6	12	7	14	7	14	6	12	6	14	6	13	
20120	5	0.2	3.3	1	7	13	6	14	6	13	7	14	6	13	7	14	6	12	7	14	6	12	7	14	
37882	34	0.2	3.1	1	6	12	6	14	6	14	6	13	6	12	6	12	7	13	7	14	6	12	6	13	
160841	36	0.2	0.93	1	6	13	6	14	6	13	7	14	7	13	6	14	7	14	6	13	7	13	7	13	
21668	4	0.2	0.78	1	7	14	7	14	7	13	6	14	7	13	7	13	6	14	7	13	6	14	7	14	
42617	27	0.2	0.93	1	7	13	7	14	6	14	6	12	7	13	7	13	7	13	6	13	6	14	7	14	
40355	4	0.2	3.8	1	7	13	6	14	6	13	7	13	7	13	6	12	6	14	6	13	6	12	6	13	
17854	18	0.2	0.3	1	7	13	6	12	6	12	6	12	6	12	6	12	6	13	7	13	7	14	7	14	
41123	0	0	0	0	6	14	6	14	6	14	6	14	6	14	6	14	6	14	6	14	6	14	6	14	
8	60	20
8	60	20
8	60	20
8	60	20
8	60	20
8	60	20
8	60	20
8	60	20
8	60	20
8	60	20
