162
10
0.75	9.5	12
41123	0	0	0	0	6	14	6	14	6	14	6	14	6	14	6	14	6	14	6	14	6	14	6	14	
313785	3	0.2	1.7	1	6	12	9	13	9	13	6	10	7	14	6	11	8	13	7	11	9	13	6	13	
13258	21	0.2	0.94	1	9	13	6	14	8	12	6	11	8	13	9	13	9	13	8	14	9	13	8	12	
385118	17	0.2	2.7	1	8	14	9	14	8	14	6	11	8	14	6	11	6	13	6	12	7	13	7	12	
3720	20	0.2	1.9	1	6	11	7	12	7	13	7	14	9	13	8	13	9	13	7	11	6	10	9	14	
364264	21	0.2	0.93	1	6	13	6	12	6	10	8	12	9	14	8	12	9	13	9	13	7	14	8	14	
157776	8	0.2	1.4	1	8	13	6	14	7	14	7	13	9	14	7	11	6	12	8	13	6	10	8	13	
166244	13	0.2	1.9	1	8	14	7	11	9	14	6	10	9	14	9	14	6	11	6	14	9	13	7	11	
387008	31	0.2	0.93	1	9	14	6	14	9	14	6	12	9	14	9	14	7	12	9	14	7	11	7	12	
386129	14	0.2	0.31	1	6	10	6	10	7	14	7	13	8	12	9	13	6	10	8	13	9	14	6	13	
386129	12	0.2	0.52	1	7	14	9	13	7	14	9	13	6	13	9	13	9	13	9	13	8	14	7	11	
160818	12	0.2	1.3	1	6	14	6	14	9	14	6	11	8	12	6	13	8	12	6	14	7	11	9	13	
327049	27	0.2	1.4	1	7	13	9	13	6	12	9	13	8	12	8	13	9	14	6	10	9	13	8	14	
402721	38	0.2	2.4	1	6	13	7	12	9	13	9	13	7	11	7	12	9	14	6	11	9	14	9	13	
44863	19	0.2	0.26	1	7	12	7	12	9	13	9	13	6	10	9	14	9	14	8	14	9	14	6	12	
270930	17	0.2	2.2	1	7	11	8	13	8	13	7	12	7	13	6	13	6	13	7	14	8	14	6	11	
7062	24	0.2	2.5	1	9	13	7	12	7	14	7	12	8	14	8	13	8	14	8	14	8	14	7	12	
19163	32	0.2	0.93	1	7	13	8	14	8	12	6	10	8	13	7	11	9	14	8	12	7	14	6	11	
372338	9	0.2	8.8	1	6	14	9	13	9	14	7	14	6	12	7	12	9	14	6	14	9	14	6	12	
373339	31	0.2	0.11	1	8	12	6	12	7	14	9	14	6	10	6	11	8	12	7	12	7	14	8	14	
18180	16	0.2	2	1	9	14	7	12	6	10	6	12	6	10	8	14	9	14	8	12	9	13	6	13	
244826	22	0.2	1.6	1	7	13	7	13	6	13	7	13	8	14	9	14	9	14	7	14	9	14	6	13	
22219	19	0.2	0.06	1	9	13	8	12	6	11	9	13	9	13	7	14	6	10	9	14	6	13	9	13	
56570	3	0.2	1.3	1	6	12	8	14	7	13	7	11	7	13	7	12	9	14	6	14	7	12	8	12	
362153	37	0.2	2.9	1	6	10	7	13	8	13	7	13	6	13	9	13	9	14	6	11	6	10	6	13	
5601	20	0.2	0.21	1	6	14	9	13	7	11	6	10	8	14	7	14	9	13	8	14	7	13	7	11	
212157	20	0.2	1.4	1	9	13	6	12	7	14	7	13	6	12	9	14	8	12	8	12	9	14	7	14	
16160	28	0.2	1.6	1	6	13	8	14	9	14	8	13	6	13	7	11	8	13	6	13	6	11	6	12	
371072	36	0.2	0.84	1	7	12	8	13	8	13	8	12	6	10	7	13	8	12	8	14	6	10	8	12	
326079	24	0.2	1.5	1	6	14	8	12	9	14	7	12	6	10	9	14	6	10	7	12	7	13	8	14	
371580	6	0.2	3.8	1	7	14	8	14	7	11	7	11	9	13	7	11	9	14	6	12	7	13	6	13	
416467	27	0.2	22	1	9	14	6	10	6	14	6	13	8	14	9	13	6	11	6	12	9	13	8	12	
42104	4	0.2	1.3	1	9	14	7	13	6	12	8	14	7	12	7	14	9	13	6	11	8	14	8	14	
174355	30	0.2	3	1	7	14	7	12	9	13	7	13	9	13	9	14	6	10	6	12	9	14	8	14	
175680	34	0.2	0.95	1	7	13	9	13	9	13	9	13	7	12	6	14	9	13	6	10	8	13	6	11	
765	37	0.2	1.3	1	8	12	8	14	8	14	6	10	7	13	8	12	6	11	9	14	6	13	7	12	
368836	23	0.2	3.2	1	7	13	9	13	9	14	6	12	6	14	6	10	8	14	6	14	8	12	9	14	
214376	6	0.2	2	1	7	14	9	14	8	14	8	14	7	12	7	11	8	12	6	10	7	12	6	11	
40173	14	0.2	0.24	1	7	13	8	12	8	14	7	12	9	13	7	14	9	13	7	11	6	11	8	13	
39510	32	0.2	0.77	1	8	13	6	12	7	13	8	13	7	12	7	13	7	13	8	14	8	12	7	14	
16424	28	0.2	1.4	1	7	14	6	13	6	14	9	14	7	11	6	10	9	13	9	14	7	13	6	12	
19052	39	0.2	0.93	1	6	11	9	14	6	13	6	11	8	13	9	13	7	11	8	13	9	14	9	14	
326308	22	0.2	2.8	1	7	11	9	13	7	12	6	13	8	12	7	12	7	13	8	13	9	14	9	14	
373972	6	0.2	0.15	1	9	13	7	11	8	12	7	13	6	12	9	13	7	12	7	13	9	13	9	13	
929	31	0.2	2	1	7	14	8	12	7	11	8	14	8	12	7	14	7	12	7	11	6	13	9	14	
13258	7	0.2	0.21	1	6	11	6	14	6	14	6	12	7	12	8	13	7	11	9	14	8	13	9	14	
231494	24	0.2	3.3	1	9	13	6	10	8	14	6	12	6	14	7	14	7	11	8	13	8	13	7	13	
347964	10	0.2	1.9	1	6	10	9	14	8	12	6	14	8	12	6	13	6	13	7	14	6	14	7	14	
40298	29	0.2	1	1	7	14	8	13	8	12	7	14	9	14	6	10	9	14	9	14	7	12	7	11	
4194	18	0.2	2.3	1	7	12	8	14	6	14	9	13	8	12	8	14	9	13	6	11	6	13	6	14	
24407	5	0.2	2.5	1	6	10	7	12	8	14	8	12	7	13	7	11	7	11	7	14	6	13	6	10	
210867	3	0.2	1	1	7	14	7	11	9	13	7	14	7	14	7	11	6	10	9	13	8	14	6	11	
38016	33	0.2	2.6	1	8	14	7	14	6	14	7	11	9	13	9	14	6	14	6	12	6	13	8	13	
5925	20	0.2	0.46	1	6	10	8	12	6	12	9	14	8	12	7	14	7	14	7	11	8	13	7	14	
16018	37	0.2	6.3	1	7	13	9	14	9	13	7	14	8	12	9	13	8	13	6	13	9	14	8	13	
177771	31	0.2	1.4	1	8	12	6	12	7	11	7	12	7	13	9	14	8	14	7	13	8	12	6	10	
347964	29	0.2	1.9	1	8	12	6	12	7	14	9	13	7	12	8	12	9	13	8	12	8	12	7	13	
60597	27	0.2	0.21	1	9	14	7	12	9	14	7	14	8	14	9	14	8	12	6	10	9	13	8	14	
160818	31	0.2	0.11	1	8	12	9	14	6	14	9	13	6	14	6	12	9	13	6	11	9	14	8	12	
60536	35	0.2	0.93	1	8	14	7	12	7	14	7	14	6	12	9	14	9	13	9	14	7	13	9	14	
40355	38	0.2	0.16	1	6	14	9	14	8	12	6	12	9	14	8	13	8	12	7	12	6	11	7	14	
171803	32	0.2	2.4	1	8	13	6	11	9	13	6	13	9	13	8	12	7	11	9	13	9	14	6	10	
396750	33	0.2	2.9	1	7	11	9	14	9	13	6	10	7	11	7	14	9	14	8	13	8	12	9	13	
211108	39	0.2	1.7	1	6	11	6	10	6	14	7	13	8	13	8	12	9	13	8	14	6	12	8	12	
18180	10	0.2	0.94	1	9	13	7	11	9	13	7	11	7	14	6	14	9	14	6	12	9	14	6	10	
162644	16	0.2	3	1	9	13	6	12	7	14	9	13	7	13	9	14	8	13	6	10	6	14	6	12	
362155	38	0.2	7.7	1	9	13	9	14	7	12	9	13	7	11	9	14	9	14	9	13	7	12	8	12	
325548	32	0.2	1.3	1	9	14	8	13	9	14	6	11	6	10	7	11	6	10	6	13	6	11	7	14	
43811	12	0.2	2.9	1	9	14	7	12	7	13	9	14	7	13	8	14	7	11	6	13	7	12	9	14	
160818	38	0.2	0.06	1	9	13	8	14	7	12	8	12	9	13	8	12	9	14	9	14	8	14	6	14	
210009	29	0.2	6	1	6	10	7	13	9	13	8	13	6	11	8	13	9	13	6	14	7	13	9	14	
48395	30	0.2	0.24	1	8	12	7	14	6	13	7	12	6	12	7	12	9	14	7	13	8	12	8	14	
19706	16	0.2	1.6	1	7	13	7	13	8	12	9	14	6	12	7	14	8	12	6	12	8	12	9	14	
267041	18	0.2	1.2	1	7	14	6	14	7	11	9	14	6	13	6	12	9	14	6	13	9	14	9	13	
378640	22	0.2	0.77	1	9	14	7	11	8	13	7	12	8	14	7	11	7	12	9	13	8	12	9	13	
325186	35	0.2	21	1	6	14	8	12	8	12	8	14	9	14	6	10	6	10	8	12	8	13	7	13	
291637	24	0.2	1.6	1	8	14	8	13	8	14	9	13	9	13	6	13	9	13	8	13	9	13	7	12	
329252	31	0.2	3.2	1	7	11	7	11	8	12	8	12	9	13	6	13	7	14	9	14	8	12	9	13	
287775	19	0.2	4.5	1	8	13	6	11	9	14	7	11	7	12	9	14	7	11	9	13	8	13	9	13	
212369	19	0.2	1.1	1	6	13	7	12	6	12	6	14	7	14	7	11	8	14	7	12	9	14	6	11	
271071	39	0.2	4	1	6	12	7	13	9	13	8	14	8	14	8	14	7	12	8	12	7	14	7	12	
168058	13	0.2	2.5	1	7	13	9	13	6	10	6	12	9	13	6	12	7	14	8	14	6	11	8	13	
5601	27	0.2	0.52	1	7	12	9	14	9	13	7	14	9	14	8	14	6	14	9	13	8	14	7	13	
161516	22	0.2	3.4	1	6	11	6	12	8	12	6	10	9	14	8	12	9	13	8	13	7	14	9	13	
37684	26	0.2	0.61	1	9	14	8	14	7	13	9	14	9	13	6	13	7	11	8	12	8	12	7	12	
16959	37	0.2	0.11	1	6	11	6	11	7	12	9	14	9	14	6	14	6	14	8	12	7	11	9	14	
365112	24	0.2	2.1	1	9	14	6	14	9	13	6	14	8	14	9	13	6	13	8	13	8	13	7	14	
392661	14	0.2	3.3	1	7	13	9	14	8	12	9	13	9	14	7	14	9	13	8	12	6	11	6	12	
290308	6	0.2	3.4	1	6	12	6	12	8	13	7	13	9	13	7	14	6	13	8	12	7	12	8	13	
182322	9	0.2	2.5	1	9	14	9	13	8	14	8	13	8	14	9	13	9	13	6	10	8	13	7	14	
387026	23	0.2	0.69	1	8	12	9	14	9	14	9	14	8	14	8	12	7	11	9	13	6	10	6	11	
240713	19	0.2	0.93	1	7	11	6	10	9	14	7	11	7	11	8	13	7	14	9	13	9	14	9	14	
263072	31	0.2	5.7	1	6	11	8	13	8	13	9	14	8	13	6	11	9	13	7	13	7	12	7	14	
48395	18	0.2	3.3	1	8	14	9	13	9	14	7	13	9	13	8	12	9	13	7	12	7	12	6	13	
162551	14	0.2	0.31	1	9	14	8	13	8	12	6	14	6	12	8	14	7	11	7	11	7	11	6	13	
381984	39	0.2	0.91	1	9	14	6	10	6	13	6	13	9	13	7	11	9	13	7	12	7	14	8	13	
10557	11	0.2	2.6	1	6	13	8	13	9	13	6	10	8	13	7	12	9	13	7	12	8	13	9	14	
20563	12	0.2	3.9	1	8	12	6	11	9	13	8	12	7	12	9	13	8	14	8	12	9	14	6	13	
14687	16	0.2	0.72	1	8	14	6	13	6	10	6	11	7	11	8	14	6	12	9	13	8	13	7	13	
24418	37	0.2	1	1	7	13	9	13	7	14	7	13	7	14	7	13	8	12	7	13	7	11	8	13	
369298	6	0.2	2.4	1	8	14	7	11	7	12	9	13	6	14	8	13	7	13	8	13	7	14	7	11	
344288	37	0.2	36	1	7	13	9	13	7	11	6	12	8	13	9	14	6	10	9	14	9	14	6	11	
227572	33	0.2	0.56	1	7	11	7	12	7	12	9	14	9	13	6	12	6	14	7	14	9	13	7	12	
368017	38	0.2	3.4	1	6	10	9	13	9	13	7	14	6	13	8	12	8	14	7	11	8	13	9	14	
363690	19	0.2	0.46	1	8	14	9	14	7	14	6	14	6	14	9	14	8	14	8	14	6	12	9	13	
38688	7	0.2	14	1	6	14	7	12	8	14	9	13	9	13	8	13	8	12	8	12	7	12	6	13	
231863	25	0.2	1.6	1	7	11	9	14	6	12	9	14	8	14	7	12	7	12	6	11	8	12	9	13	
172198	16	0.2	0.42	1	7	11	6	13	6	10	7	12	8	14	7	12	7	11	7	12	9	14	9	13	
36279	6	0.2	1.2	1	7	11	9	13	7	13	6	12	6	10	7	12	8	12	7	14	8	12	6	10	
161055	6	0.2	0.33	1	8	14	9	14	7	13	7	13	7	12	8	14	7	14	6	10	9	13	7	12	
183414	1	0.2	28	1	9	14	7	14	7	13	6	13	8	12	8	14	7	13	7	13	9	14	8	13	
165179	30	0.2	0.93	1	7	11	6	10	9	13	7	12	6	13	9	13	6	10	8	14	9	14	9	14	
4077	3	0.2	3.4	1	6	14	6	10	8	12	6	14	7	12	8	13	6	14	7	12	8	12	9	13	
38916	15	0.2	2.4	1	9	14	8	12	7	12	8	13	8	13	6	12	9	13	8	13	7	11	6	11	
48397	2	0.2	0.93	1	9	14	9	14	6	13	6	10	9	14	9	13	6	12	7	14	7	13	9	13	
212369	31	0.2	1.3	1	7	14	6	11	9	13	6	12	8	13	7	14	9	13	8	13	6	12	9	14	
311895	19	0.2	0.61	1	6	11	6	12	9	13	7	14	6	13	8	14	6	12	8	12	6	12	8	13	
271807	24	0.2	0.43	1	8	12	9	14	9	13	9	14	7	13	6	10	9	14	7	12	7	12	8	14	
287566	13	0.2	5.2	1	9	14	8	12	9	14	6	12	9	14	9	14	9	13	7	11	9	14	7	14	
307372	28	0.2	0.93	1	7	11	6	10	6	14	7	12	7	12	6	13	7	11	7	12	9	13	6	11	
18573	16	0.2	2.3	1	9	14	6	13	6	13	7	13	7	11	8	14	8	13	8	13	7	13	7	12	
211242	2	0.2	1.3	1	6	11	9	14	8	13	7	12	6	14	9	13	6	12	7	12	8	12	7	13	
212213	31	0.2	2	1	9	13	6	12	6	12	6	12	6	11	7	12	6	11	8	12	8	14	9	14	
39491	36	0.2	7.5	1	6	10	7	14	9	13	8	12	9	14	8	12	6	14	6	13	8	13	6	10	
53629	34	0.2	0.76	1	7	12	7	13	9	13	9	14	8	13	9	14	7	12	8	13	9	14	9	14	
4072	9	0.2	0.65	1	8	12	9	13	7	13	8	13	6	13	6	13	8	14	7	11	7	12	6	13	
356315	3	0.2	1.3	1	7	14	7	13	8	12	8	13	6	12	9	13	6	11	8	13	7	14	8	14	
269163	22	0.2	2.5	1	8	14	7	14	7	12	6	10	6	12	8	13	6	13	7	11	6	14	6	13	
159743	14	0.2	0.93	1	9	13	6	11	6	13	7	14	6	12	9	14	7	12	8	12	8	12	9	14	
35070	15	0.2	20	1	8	12	7	12	8	12	8	12	7	12	7	12	9	14	6	10	8	13	7	14	
328981	2	0.2	0.21	1	8	13	9	14	6	12	8	14	9	13	8	14	9	13	6	14	9	13	8	12	
240699	12	0.2	0.93	1	6	13	7	12	6	11	6	10	8	12	8	13	6	13	6	10	9	13	6	11	
43224	20	0.2	1.3	1	8	14	7	12	7	12	7	13	9	14	9	13	8	14	6	10	8	14	9	13	
38403	16	0.2	0.51	1	7	11	6	11	7	14	9	13	8	12	8	13	8	12	6	13	8	14	8	14	
41023	2	0.2	1.3	1	9	13	7	11	7	11	8	12	8	14	9	13	8	13	9	13	8	12	6	11	
380583	5	0.2	2.5	1	8	13	8	14	6	11	8	12	7	13	6	12	8	14	8	12	6	13	8	13	
372743	38	0.2	1.3	1	9	14	8	14	7	11	8	12	7	11	8	14	8	13	7	12	9	13	7	11	
328981	25	0.2	3.5	1	9	13	9	14	7	12	7	11	9	13	8	13	8	12	8	12	9	14	8	14	
16024	6	0.2	4.4	1	7	14	9	13	9	14	8	13	9	13	9	13	9	14	8	12	8	12	7	14	
288005	29	0.2	1.5	1	9	13	6	11	8	14	7	11	9	13	9	13	9	14	7	11	6	14	9	13	
212847	28	0.2	18	1	6	10	7	12	7	12	9	13	9	13	9	13	9	13	6	10	9	13	9	14	
326268	14	0.2	2.1	1	7	12	7	14	7	11	7	12	7	11	8	14	9	14	8	12	7	11	6	13	
349705	3	0.2	8.1	1	6	10	9	13	9	13	6	12	7	11	8	12	8	13	6	10	8	14	9	13	
7534	25	0.2	0.79	1	8	14	6	13	9	14	6	10	6	11	8	14	9	14	7	13	6	14	9	14	
176810	10	0.2	4.7	1	7	12	6	14	7	11	9	14	8	12	8	14	6	11	7	13	6	12	7	12	
313785	9	0.2	0.21	1	7	12	7	12	8	12	6	14	7	11	6	12	8	14	9	13	8	13	6	10	
175640	18	0.2	0.8	1	7	14	6	12	8	12	7	11	9	13	8	13	7	14	7	13	6	10	8	13	
18205	35	0.2	2.1	1	8	13	6	12	6	11	7	13	8	12	7	13	6	13	9	13	7	14	9	13	
11867	9	0.2	4.3	1	9	13	9	14	9	14	7	12	8	14	7	14	9	14	9	14	6	13	9	14	
268875	3	0.2	0.62	1	6	14	9	14	9	14	6	10	9	14	7	12	6	13	6	11	9	14	8	13	
357301	25	0.2	0.92	1	9	13	8	13	7	11	7	11	7	14	6	12	6	14	7	12	6	10	9	14	
17459	27	0.2	6.6	1	8	12	7	12	9	13	7	11	7	11	7	11	9	13	7	11	6	13	8	14	
373339	26	0.2	0.51	1	9	14	8	13	8	12	7	14	7	13	6	10	8	13	6	10	9	13	7	14	
358281	12	0.2	2.6	1	8	14	6	13	9	13	7	14	8	13	7	12	9	14	9	14	9	13	7	13	
20120	5	0.2	3.3	1	7	13	8	12	7	14	8	12	6	13	7	14	7	14	9	14	7	11	6	10	
37882	34	0.2	3.1	1	7	14	9	14	6	12	6	10	8	14	8	14	7	12	8	13	7	14	8	13	
160841	36	0.2	0.93	1	9	13	7	11	8	13	6	11	6	10	6	13	6	13	6	11	8	14	7	11	
21668	4	0.2	0.78	1	6	14	6	12	9	14	7	13	8	14	8	13	8	13	7	12	7	12	7	11	
42617	27	0.2	0.93	1	7	13	8	14	9	13	6	10	7	11	8	14	6	11	9	13	8	12	7	14	
40355	4	0.2	3.8	1	8	14	6	13	6	10	7	13	9	13	9	13	8	13	8	13	9	14	9	13	
17854	18	0.2	0.3	1	8	13	9	14	8	14	9	13	9	14	8	14	9	13	7	14	8	12	6	13	
41123	0	0	0	0	6	14	6	14	6	14	6	14	6	14	6	14	6	14	6	14	6	14	6	14	
8	60	20
8	60	20
8	60	20
8	60	20
8	60	20
8	60	20
8	60	20
8	60	20
8	60	20
8	60	20
