162
10
0.75	9.5	12
41123	0	0	0	0	6	12	6	12	6	12	6	12	6	12	6	12	6	12	6	12	6	12	6	12	
313785	3	0.2	1.7	1	6	11	7	12	6	10	6	11	6	11	7	11	7	12	6	11	6	12	7	11	
13258	21	0.2	0.94	1	7	11	6	10	7	12	7	12	6	10	6	10	7	12	7	12	6	10	6	11	
385118	17	0.2	2.7	1	6	10	6	11	7	11	7	11	7	12	7	11	6	12	6	10	7	11	7	11	
3720	20	0.2	1.9	1	6	10	6	12	7	11	7	11	6	11	7	11	7	12	6	11	7	12	6	11	
364264	21	0.2	0.93	1	7	12	6	11	6	12	7	12	6	10	6	11	7	11	6	11	7	11	6	11	
157776	8	0.2	1.4	1	7	11	7	11	7	12	7	11	6	12	7	12	6	10	6	11	6	10	7	12	
166244	13	0.2	1.9	1	7	12	7	11	6	11	6	10	6	12	7	11	7	12	7	12	7	12	7	11	
387008	31	0.2	0.93	1	6	11	6	10	6	10	7	12	7	11	6	11	7	12	7	11	6	12	6	11	
386129	14	0.2	0.31	1	7	12	7	12	7	12	6	11	6	12	6	12	6	10	6	11	7	12	6	10	
386129	12	0.2	0.52	1	7	12	6	11	7	11	6	11	6	11	7	12	6	11	6	11	6	12	6	11	
160818	12	0.2	1.3	1	7	12	7	12	7	12	7	12	7	11	6	12	7	12	7	11	7	12	6	11	
327049	27	0.2	1.4	1	6	10	6	12	7	11	7	11	6	10	7	11	6	12	7	12	6	10	7	12	
402721	38	0.2	2.4	1	6	10	6	12	6	12	7	12	7	11	6	12	6	11	7	11	7	11	6	12	
44863	19	0.2	0.26	1	7	11	7	12	6	11	6	11	7	11	6	11	6	10	7	11	6	12	6	12	
270930	17	0.2	2.2	1	6	10	6	11	6	12	6	11	7	11	7	12	6	11	6	10	6	12	6	11	
7062	24	0.2	2.5	1	6	12	6	11	6	12	6	12	7	12	7	11	7	11	6	11	6	12	6	11	
19163	32	0.2	0.93	1	7	11	7	12	6	10	6	11	6	10	6	10	6	11	6	11	7	12	6	10	
372338	9	0.2	8.8	1	6	10	7	11	6	10	7	11	6	10	7	11	6	11	6	12	6	10	7	11	
373339	31	0.2	0.11	1	6	11	6	12	6	10	7	11	6	12	6	11	6	10	6	12	6	11	6	11	
18180	16	0.2	2	1	7	12	7	11	7	11	6	11	7	11	7	12	7	11	6	10	7	11	6	11	
244826	22	0.2	1.6	1	7	11	7	12	6	12	6	12	6	12	7	11	6	12	7	11	6	10	7	12	
22219	19	0.2	0.06	1	7	11	6	12	6	12	7	11	7	11	7	12	6	11	7	11	7	12	6	12	
56570	3	0.2	1.3	1	6	12	7	11	6	10	7	12	6	11	6	12	6	10	6	12	6	10	7	12	
362153	37	0.2	2.9	1	7	11	6	10	6	11	6	10	7	12	6	11	6	10	7	11	7	11	7	12	
5601	20	0.2	0.21	1	6	11	6	12	7	11	6	12	7	12	7	11	6	10	6	10	6	12	6	10	
212157	20	0.2	1.4	1	6	12	6	11	7	12	6	11	7	12	6	10	6	12	7	12	7	12	7	11	
16160	28	0.2	1.6	1	7	12	7	11	6	10	7	12	6	10	6	12	7	12	6	10	7	11	6	11	
371072	36	0.2	0.84	1	7	11	7	12	6	10	7	11	7	12	7	11	6	10	7	11	7	11	7	12	
326079	24	0.2	1.5	1	7	11	7	12	7	11	7	12	6	12	6	11	6	10	6	10	7	12	6	12	
371580	6	0.2	3.8	1	7	12	6	10	6	11	6	12	6	12	7	11	6	10	7	11	6	12	6	11	
416467	27	0.2	22	1	6	12	6	12	7	11	7	11	6	11	7	12	7	11	7	12	7	11	6	11	
42104	4	0.2	1.3	1	6	10	7	12	7	11	6	10	7	12	7	12	6	10	6	11	7	12	6	12	
174355	30	0.2	3	1	6	10	7	11	7	11	6	10	7	12	7	11	7	12	6	11	7	12	6	12	
175680	34	0.2	0.95	1	7	12	6	10	7	11	7	12	6	11	7	11	6	11	6	12	7	12	7	12	
765	37	0.2	1.3	1	6	10	6	11	6	11	6	10	7	11	6	12	6	11	7	12	7	11	7	11	
368836	23	0.2	3.2	1	6	10	7	12	6	10	6	12	7	12	7	11	6	11	7	12	6	10	7	12	
214376	6	0.2	2	1	7	11	6	12	7	12	7	12	6	12	6	11	6	10	7	12	6	10	7	12	
40173	14	0.2	0.24	1	6	10	6	10	7	12	6	10	6	12	6	12	6	12	6	10	7	12	6	12	
39510	32	0.2	0.77	1	6	12	6	10	7	12	7	11	7	12	7	12	7	12	6	10	7	11	6	10	
16424	28	0.2	1.4	1	6	10	7	11	7	12	7	12	6	12	6	10	6	12	6	10	7	12	7	12	
19052	39	0.2	0.93	1	6	12	7	11	7	11	6	11	6	11	7	12	6	11	6	10	6	11	6	11	
326308	22	0.2	2.8	1	7	12	7	12	6	10	7	11	7	11	6	10	7	12	6	10	6	12	6	10	
373972	6	0.2	0.15	1	7	12	6	12	7	11	6	11	7	12	7	12	6	12	7	12	6	11	7	12	
929	31	0.2	2	1	6	11	6	10	7	12	6	12	7	11	7	12	7	12	7	11	6	10	6	11	
13258	7	0.2	0.21	1	7	11	6	11	6	11	7	12	7	12	6	12	6	10	7	11	7	12	7	11	
231494	24	0.2	3.3	1	6	11	7	12	6	12	6	11	6	12	7	12	7	12	6	10	6	11	6	10	
347964	10	0.2	1.9	1	7	12	7	11	7	11	6	10	7	12	6	12	6	10	6	11	7	11	6	10	
40298	29	0.2	1	1	7	11	7	11	6	10	7	12	6	11	7	11	7	11	6	12	6	11	7	12	
4194	18	0.2	2.3	1	6	10	7	11	6	10	7	12	7	12	7	11	6	11	6	11	6	12	7	11	
24407	5	0.2	2.5	1	7	11	6	10	6	12	7	11	6	11	6	12	7	11	6	12	6	12	6	10	
210867	3	0.2	1	1	6	10	6	11	7	11	6	12	6	12	6	10	7	11	7	11	6	10	7	12	
38016	33	0.2	2.6	1	6	10	6	12	6	11	6	11	7	12	6	10	7	12	7	11	7	12	7	11	
5925	20	0.2	0.46	1	7	11	7	12	7	12	7	12	6	11	6	10	7	12	6	10	7	11	7	12	
16018	37	0.2	6.3	1	7	12	7	12	6	12	6	12	7	11	6	10	7	12	7	12	6	12	6	11	
177771	31	0.2	1.4	1	7	12	6	12	7	11	6	12	7	12	6	10	7	11	7	11	6	11	6	11	
347964	29	0.2	1.9	1	7	11	7	11	7	11	6	11	7	11	6	12	6	11	6	12	6	11	6	10	
60597	27	0.2	0.21	1	7	12	7	11	6	12	7	12	6	11	7	12	6	10	6	10	7	12	6	10	
160818	31	0.2	0.11	1	6	12	6	10	7	11	6	11	7	11	6	12	6	10	6	11	6	11	7	12	
60536	35	0.2	0.93	1	6	10	7	11	6	10	7	12	6	11	7	11	7	12	6	11	6	11	6	12	
40355	38	0.2	0.16	1	7	11	6	11	7	11	6	10	6	10	7	12	7	11	7	12	6	10	7	11	
171803	32	0.2	2.4	1	6	11	6	10	6	12	6	10	6	10	7	11	6	12	7	12	6	12	7	12	
396750	33	0.2	2.9	1	7	11	7	11	6	12	7	11	7	12	6	11	6	10	7	11	7	11	7	12	
211108	39	0.2	1.7	1	6	12	6	12	7	12	6	10	7	11	7	11	7	11	6	12	7	11	7	11	
18180	10	0.2	0.94	1	7	11	6	12	7	11	6	11	6	12	6	10	7	12	7	11	7	11	7	11	
162644	16	0.2	3	1	7	12	7	12	7	11	7	11	6	12	6	10	7	11	7	12	7	12	6	11	
362155	38	0.2	7.7	1	6	12	7	12	7	11	6	11	6	12	6	12	7	11	7	11	6	10	6	11	
325548	32	0.2	1.3	1	6	10	6	11	6	11	7	11	7	12	6	10	6	10	6	12	6	11	6	12	
43811	12	0.2	2.9	1	7	12	6	10	7	12	7	11	6	10	7	11	6	10	6	12	6	11	7	11	
160818	38	0.2	0.06	1	6	11	6	11	7	12	7	11	6	11	7	11	7	11	7	11	6	12	6	10	
210009	29	0.2	6	1	7	11	7	11	7	11	6	10	6	11	6	12	7	11	6	12	7	12	7	11	
48395	30	0.2	0.24	1	7	12	7	12	6	10	7	11	7	12	7	12	6	12	6	11	6	12	6	11	
19706	16	0.2	1.6	1	7	12	7	11	6	10	6	12	6	11	6	12	7	11	6	12	7	12	7	11	
267041	18	0.2	1.2	1	6	10	6	11	6	11	6	10	7	12	7	12	7	12	6	10	7	12	6	10	
378640	22	0.2	0.77	1	7	11	6	11	6	11	7	12	7	11	7	12	6	11	7	11	6	10	6	10	
325186	35	0.2	21	1	6	11	7	11	7	12	7	11	7	11	6	10	7	11	6	12	6	12	6	11	
291637	24	0.2	1.6	1	6	10	7	12	6	12	7	11	7	11	6	11	6	11	7	11	7	12	7	12	
329252	31	0.2	3.2	1	7	12	6	11	7	11	6	10	7	11	7	12	6	12	6	12	6	12	6	10	
287775	19	0.2	4.5	1	7	11	6	11	6	11	7	12	6	10	6	11	7	11	6	11	7	11	7	11	
212369	19	0.2	1.1	1	6	10	6	11	6	12	7	12	7	12	6	12	6	10	7	11	6	11	7	11	
271071	39	0.2	4	1	7	12	6	10	6	12	6	10	7	12	7	11	6	10	7	11	7	11	6	11	
168058	13	0.2	2.5	1	7	12	7	12	7	12	6	10	7	12	6	11	6	11	6	12	7	11	6	10	
5601	27	0.2	0.52	1	7	12	6	12	6	12	7	11	6	12	7	11	7	11	6	11	7	11	6	12	
161516	22	0.2	3.4	1	6	10	6	12	6	12	6	10	6	12	6	11	7	11	7	11	6	10	7	11	
37684	26	0.2	0.61	1	7	12	6	10	6	11	7	12	6	12	7	11	7	12	7	12	7	12	7	12	
16959	37	0.2	0.11	1	6	10	6	12	7	11	6	10	6	11	6	11	7	11	7	11	6	11	6	12	
365112	24	0.2	2.1	1	7	12	7	11	7	12	6	11	6	11	7	12	6	10	7	11	7	12	6	11	
392661	14	0.2	3.3	1	7	12	6	11	7	12	7	12	6	10	6	12	7	12	6	10	7	12	7	11	
290308	6	0.2	3.4	1	6	12	6	11	6	10	6	10	7	12	7	11	6	12	7	11	7	12	7	12	
182322	9	0.2	2.5	1	6	12	6	11	6	12	6	11	7	12	6	12	7	12	7	12	7	12	6	12	
387026	23	0.2	0.69	1	7	11	7	11	7	12	6	11	6	12	7	11	7	12	6	11	6	10	6	11	
240713	19	0.2	0.93	1	6	11	6	11	6	11	6	10	6	12	7	11	6	12	7	11	7	11	7	12	
263072	31	0.2	5.7	1	6	11	7	12	6	12	6	10	6	11	6	12	7	11	6	11	6	11	7	11	
48395	18	0.2	3.3	1	7	11	7	12	7	11	7	12	7	11	6	12	6	10	6	12	7	12	7	11	
162551	14	0.2	0.31	1	6	11	6	12	6	12	6	10	7	11	7	12	6	10	7	11	7	12	7	11	
381984	39	0.2	0.91	1	6	11	6	11	6	10	6	12	7	11	7	11	6	11	6	11	7	12	6	11	
10557	11	0.2	2.6	1	6	11	7	11	6	11	6	11	6	10	6	11	6	12	7	11	7	12	7	11	
20563	12	0.2	3.9	1	7	12	6	12	6	11	7	11	7	11	6	12	6	12	6	11	6	10	7	12	
14687	16	0.2	0.72	1	7	12	6	10	7	11	6	11	6	11	6	12	7	12	6	11	7	11	6	10	
24418	37	0.2	1	1	7	11	6	10	7	12	6	10	7	11	6	10	6	11	7	11	6	12	7	12	
369298	6	0.2	2.4	1	7	12	7	12	6	10	6	10	7	12	7	11	6	10	6	10	6	12	7	11	
344288	37	0.2	36	1	6	12	7	11	7	12	6	12	6	11	6	10	7	12	6	10	7	12	7	12	
227572	33	0.2	0.56	1	7	11	6	12	6	11	6	11	7	12	7	11	7	11	6	11	6	11	6	12	
368017	38	0.2	3.4	1	6	11	6	10	7	12	6	12	6	11	7	12	6	12	7	11	7	12	7	12	
363690	19	0.2	0.46	1	7	11	6	10	6	11	7	11	6	12	7	11	6	12	7	11	6	11	6	10	
38688	7	0.2	14	1	6	12	6	10	7	12	7	12	7	12	6	11	7	12	7	12	6	11	6	12	
231863	25	0.2	1.6	1	7	12	7	11	7	11	7	11	6	12	6	11	7	12	6	11	6	12	6	11	
172198	16	0.2	0.42	1	6	12	6	11	7	11	6	12	6	12	7	11	7	11	6	12	7	11	7	12	
36279	6	0.2	1.2	1	7	12	6	10	6	12	6	12	7	12	6	12	6	10	7	11	6	10	7	12	
161055	6	0.2	0.33	1	6	12	7	12	7	11	6	11	7	12	6	11	6	11	6	10	6	11	7	12	
183414	1	0.2	28	1	6	11	6	11	7	12	7	12	6	11	6	10	7	11	7	12	6	12	7	12	
165179	30	0.2	0.93	1	6	11	6	11	6	10	6	11	7	11	7	12	7	12	6	11	7	11	7	11	
4077	3	0.2	3.4	1	6	12	6	11	6	11	7	12	6	12	7	12	6	11	7	12	7	11	7	12	
38916	15	0.2	2.4	1	6	10	6	10	6	11	7	12	6	10	6	10	7	12	7	12	7	12	7	12	
48397	2	0.2	0.93	1	6	11	7	12	6	10	7	12	6	10	6	11	7	12	6	10	7	11	6	12	
212369	31	0.2	1.3	1	6	12	7	11	7	12	7	12	6	11	6	11	6	12	6	12	6	11	6	11	
311895	19	0.2	0.61	1	6	11	7	11	7	12	6	12	6	11	6	10	7	11	6	12	7	11	6	11	
271807	24	0.2	0.43	1	6	11	6	11	7	11	7	12	7	12	7	11	7	11	6	11	7	12	6	10	
287566	13	0.2	5.2	1	7	11	7	11	7	12	7	12	6	11	6	10	7	12	7	12	6	11	6	12	
307372	28	0.2	0.93	1	6	11	7	11	6	10	6	12	7	12	6	10	7	12	7	11	7	12	6	11	
18573	16	0.2	2.3	1	6	11	6	12	7	11	6	12	7	11	6	10	7	12	6	10	6	12	7	11	
211242	2	0.2	1.3	1	6	11	7	12	7	12	6	11	6	12	7	11	6	10	7	11	6	11	7	11	
212213	31	0.2	2	1	7	11	7	11	7	11	6	12	7	11	7	11	7	12	7	12	6	10	6	10	
39491	36	0.2	7.5	1	6	11	7	11	7	12	6	11	7	12	6	10	7	11	7	12	7	12	7	12	
53629	34	0.2	0.76	1	6	11	7	11	6	11	7	12	6	11	7	11	6	11	7	11	7	12	7	12	
4072	9	0.2	0.65	1	6	12	6	12	6	10	7	11	7	11	6	12	6	12	7	12	6	12	7	11	
356315	3	0.2	1.3	1	7	11	7	11	7	12	6	11	6	11	6	10	6	10	7	11	6	12	7	11	
269163	22	0.2	2.5	1	6	12	6	11	7	11	7	12	6	10	7	11	6	11	7	12	7	12	7	12	
159743	14	0.2	0.93	1	7	12	6	12	6	10	6	12	7	12	7	12	7	12	7	11	7	12	6	11	
35070	15	0.2	20	1	6	12	6	10	6	10	6	10	7	12	6	11	7	12	7	12	7	12	7	12	
328981	2	0.2	0.21	1	6	10	7	12	6	11	7	12	7	11	7	12	7	12	6	10	7	12	6	10	
240699	12	0.2	0.93	1	7	11	7	12	7	12	7	12	7	12	6	12	6	10	6	10	7	11	6	12	
43224	20	0.2	1.3	1	6	11	6	10	6	10	6	10	6	11	7	12	6	11	6	12	6	11	7	12	
38403	16	0.2	0.51	1	6	11	6	12	7	11	7	11	7	12	7	11	7	12	7	11	7	11	6	10	
41023	2	0.2	1.3	1	6	11	6	11	7	11	6	11	6	12	7	12	6	12	7	11	6	11	6	12	
380583	5	0.2	2.5	1	7	12	6	12	6	11	6	12	6	11	6	12	7	11	7	11	6	10	6	10	
372743	38	0.2	1.3	1	7	11	6	10	7	12	6	11	6	10	7	11	6	10	7	11	7	12	7	11	
328981	25	0.2	3.5	1	6	11	7	11	6	12	6	11	6	11	6	11	6	10	6	12	7	12	7	12	
16024	6	0.2	4.4	1	7	11	6	11	7	11	7	12	6	11	7	12	6	10	7	12	6	11	6	12	
288005	29	0.2	1.5	1	6	10	6	11	6	12	7	12	7	12	6	10	6	12	6	12	6	10	6	10	
212847	28	0.2	18	1	7	11	7	12	6	10	6	11	7	11	7	12	6	11	7	11	7	12	6	10	
326268	14	0.2	2.1	1	6	12	6	11	6	10	7	12	7	11	7	12	6	10	7	11	7	12	7	12	
349705	3	0.2	8.1	1	6	11	7	12	6	11	7	11	6	10	7	11	7	11	7	12	7	11	7	12	
7534	25	0.2	0.79	1	7	12	7	12	7	12	7	12	6	12	7	12	6	12	7	12	7	11	6	10	
176810	10	0.2	4.7	1	6	10	6	11	6	10	7	12	7	12	7	11	7	11	7	11	6	12	6	12	
313785	9	0.2	0.21	1	6	11	7	11	7	11	7	11	6	11	6	11	7	12	6	12	6	12	7	11	
175640	18	0.2	0.8	1	7	11	6	12	7	12	7	11	7	12	6	12	7	11	6	10	7	12	6	12	
18205	35	0.2	2.1	1	6	11	6	10	6	11	6	10	7	11	7	11	6	10	6	12	6	12	7	11	
11867	9	0.2	4.3	1	6	12	7	11	7	12	7	12	7	11	6	10	6	10	7	12	6	10	7	12	
268875	3	0.2	0.62	1	6	10	7	11	7	11	7	11	7	12	7	11	7	11	6	10	7	11	7	12	
357301	25	0.2	0.92	1	6	10	7	12	6	12	7	12	7	12	7	11	6	12	6	11	7	12	6	11	
17459	27	0.2	6.6	1	6	11	7	12	6	11	7	12	6	12	7	11	7	12	6	11	6	10	6	10	
373339	26	0.2	0.51	1	7	11	6	12	7	12	6	11	6	12	7	12	6	12	7	11	6	10	6	12	
358281	12	0.2	2.6	1	7	12	6	12	7	11	7	11	7	11	6	11	7	12	6	11	6	11	6	10	
20120	5	0.2	3.3	1	6	10	6	11	7	12	7	11	6	11	6	12	6	11	6	10	6	12	7	12	
37882	34	0.2	3.1	1	6	11	6	11	6	10	7	12	7	12	6	12	6	12	6	11	6	10	6	12	
160841	36	0.2	0.93	1	6	11	6	11	6	10	7	12	6	11	6	10	7	12	6	11	7	12	6	10	
21668	4	0.2	0.78	1	7	11	6	11	7	11	7	12	6	11	7	12	7	11	6	11	6	12	7	12	
42617	27	0.2	0.93	1	6	10	6	10	7	12	6	12	7	11	7	11	7	12	7	12	7	12	7	12	
40355	4	0.2	3.8	1	7	12	6	11	6	10	6	11	6	10	7	11	7	12	6	12	7	12	7	11	
17854	18	0.2	0.3	1	6	12	6	12	7	11	7	11	7	12	7	11	6	12	7	12	7	12	6	11	
41123	0	0	0	0	6	12	6	12	6	12	6	12	6	12	6	12	6	12	6	12	6	12	6	12	
6	60	20
6	60	20
6	60	20
6	60	20
6	60	20
6	60	20
6	60	20
6	60	20
6	60	20
6	60	20
