solution methods for the CTOP 
filename,bestscore,score,cpu,gap
20.1.1.1.txt;250;250;1.00004;0
20.1.1.2.txt;245;245;1.00001;0
20.1.1.3.txt;233;233;1.00002;0
20.1.2.1.txt;248;248;1.00001;0
20.1.2.2.txt;285;285;1.00003;0
20.1.2.3.txt;210;210;1.00002;0
20.1.3.1.txt;272;272;1;0
20.1.3.2.txt;311;311;1.00002;0
20.1.3.3.txt;286;286;1.00002;0
20.2.1.1.txt;320;320;1;0
20.2.1.2.txt;247;247;1.00005;0
20.2.1.3.txt;316;316;1.00001;0
20.2.2.1.txt;389;389;1.00006;0
20.2.2.2.txt;421;421;1.00006;0
20.2.2.3.txt;277;277;1.00002;0
20.2.3.1.txt;267;266;1.00002;0.374532
20.2.3.2.txt;267;265;1.00007;0.749064
20.2.3.3.txt;433;433;1.00002;0
20.3.1.1.txt;374;374;1.00004;0
20.3.1.2.txt;322;322;1.00004;0
20.3.1.3.txt;280;284;1.00002;-1.42857
20.3.2.1.txt;416;416;0.0027561;0
20.3.2.2.txt;417;417;0.0065513;0
20.3.2.3.txt;430;430;0.0265861;0
20.3.3.1.txt;365;365;0.0006238;0
20.3.3.2.txt;440;440;0.0002838;0
20.3.3.3.txt;343;343;0.0020423;0
50.1.1.1.txt;409;409;2.00002;0
50.1.1.2.txt;304;304;2.0001;0
50.1.1.3.txt;312;312;2.00004;0
50.1.2.1.txt;357;357;2.0001;0
50.1.2.2.txt;387;387;2.00017;0
50.1.2.3.txt;367;367;2.00003;0
50.1.3.1.txt;391;391;2.00001;0
50.1.3.2.txt;444;444;2.00014;0
50.1.3.3.txt;355;355;2.00019;0
50.2.1.1.txt;544;544;2.00003;0
50.2.1.2.txt;473;473;2.00011;0
50.2.1.3.txt;427;425;2;0.468384
50.2.2.1.txt;577;577;2.00056;0
50.2.2.2.txt;572;572;2.00001;0
50.2.2.3.txt;557;557;2.00003;0
