14
0 69 77 198 228 137 26 103 15 173 61 21 312 337 
0 1 0 0 0 0 0 0 0 0 0 0 0 0 
12
0 123 169 46 330 131 209 43 286 233 258 337 
0 1 0 0 0 0 0 0 0 0 0 0 
13
0 128 14 80 194 23 98 317 219 157 331 165 337 
0 1 0 0 0 0 0 0 0 0 0 0 0 
14
0 7 184 202 311 164 277 294 142 247 333 42 168 337 
0 1 0 0 0 0 0 0 0 0 0 0 0 0 
17
0 78 76 48 260 204 64 183 124 68 205 176 197 246 51 166 337 
0 1 0 0 0 0 0 0 0 0 0 0 0 0 0 0 0 
16
0 135 211 305 188 115 307 40 100 36 17 145 252 117 82 337 
0 0 1 0 0 0 0 0 0 0 0 0 0 0 0 0 
14
0 295 31 281 88 53 10 54 5 32 160 300 220 337 
0 0 1 0 0 0 0 0 0 0 0 0 0 0 
