15
0 252 54 175 258 366 21 134 7 166 194 92 109 46 385 
0 1 0 0 0 0 0 0 0 0 0 0 0 0 0 
15
0 40 184 117 164 145 124 294 142 246 307 300 197 37 385 
0 1 0 0 0 0 0 0 0 0 0 0 0 0 0 
15
0 195 220 36 80 247 305 219 211 137 345 100 356 135 385 
0 0 1 0 0 0 0 0 0 0 0 0 0 0 0 
16
0 157 15 205 98 68 141 103 168 311 128 23 88 272 331 385 
0 1 0 0 0 0 0 0 0 0 0 0 0 0 0 0 
14
0 290 56 160 326 122 204 48 53 32 317 177 69 385 
0 0 1 0 0 0 0 0 0 0 0 0 0 0 
14
0 242 30 43 357 226 183 341 173 31 176 337 94 385 
0 1 0 0 0 0 0 0 0 0 0 0 0 0 
14
0 291 381 70 312 228 232 202 209 362 66 77 169 385 
0 0 1 0 0 0 0 0 0 0 0 0 0 0 
