16
0 32 202 466 219 157 88 21 80 228 424 381 164 54 36 481 
0 1 0 0 0 0 0 0 0 0 0 0 0 0 0 0 
13
0 281 411 15 305 40 117 337 286 176 142 234 481 
0 1 0 0 0 0 0 0 0 0 0 0 0 
13
0 395 224 472 476 311 48 43 226 103 128 134 481 
0 1 0 0 0 0 0 0 0 0 0 0 0 
14
0 76 341 385 397 300 109 252 131 307 160 168 454 481 
0 0 1 0 0 0 0 0 0 0 0 0 0 0 
16
0 46 145 69 291 432 421 433 459 471 260 61 124 197 211 481 
0 1 0 0 0 0 0 0 0 0 0 0 0 0 0 0 
15
0 204 426 391 31 258 456 177 406 90 23 53 469 330 481 
0 0 1 0 0 0 0 0 0 0 0 0 0 0 0 
14
0 14 68 30 56 452 447 460 169 220 412 194 396 481 
0 1 0 0 0 0 0 0 0 0 0 0 0 0 
