15
0 61 173 260 502 53 202 220 486 471 571 452 291 14 577 
0 0 1 0 0 0 0 0 0 0 0 0 0 0 0 
14
0 494 160 103 226 391 70 418 246 565 209 211 176 577 
0 0 1 0 0 0 0 0 0 0 0 0 0 0 
12
0 197 48 232 66 177 124 493 525 145 517 577 
0 1 0 0 0 0 0 0 0 0 0 0 
15
0 30 286 258 117 169 505 294 537 98 492 396 54 219 577 
0 0 1 0 0 0 0 0 0 0 0 0 0 0 0 
13
0 392 472 433 7 166 311 330 88 69 499 509 577 
0 1 0 0 0 0 0 0 0 0 0 0 0 
14
0 460 68 142 157 476 32 135 36 411 385 420 395 577 
0 0 1 0 0 0 0 0 0 0 0 0 0 0 
15
0 526 281 307 247 90 224 100 501 317 532 496 516 490 577 
0 1 0 0 0 0 0 0 0 0 0 0 0 0 0 
