15
0 109 176 381 509 211 517 220 486 571 492 396 526 291 577 
0 0 1 0 0 0 0 0 0 0 0 0 0 0 0 
13
0 219 103 69 88 330 226 391 418 32 66 48 577 
0 1 0 0 0 0 0 0 0 0 0 0 0 
15
0 286 392 433 7 166 98 100 501 224 90 247 307 471 577 
0 1 0 0 0 0 0 0 0 0 0 0 0 0 0 
14
0 395 160 499 472 305 311 117 169 44 258 452 54 577 
0 1 0 0 0 0 0 0 0 0 0 0 0 0 
17
0 14 202 502 61 53 426 496 317 532 145 516 260 490 142 173 577 
0 0 1 0 0 0 0 0 0 0 0 0 0 0 0 0 0 
13
0 460 68 209 493 157 565 124 476 385 411 420 577 
0 1 0 0 0 0 0 0 0 0 0 0 0 
