15
0 312 92 252 141 157 145 258 43 94 109 142 15 88 361 
0 1 0 0 0 0 0 0 0 0 0 0 0 0 0 
16
0 53 351 70 148 305 173 355 291 117 164 209 220 232 136 361 
0 1 0 0 0 0 0 0 0 0 0 0 0 0 0 0 
15
0 345 166 122 61 330 23 40 202 300 7 168 124 176 361 
0 0 1 0 0 0 0 0 0 0 0 0 0 0 0 
14
0 17 80 98 119 56 32 14 194 197 317 37 90 361 
0 0 1 0 0 0 0 0 0 0 0 0 0 0 
13
0 175 36 183 247 77 311 54 260 69 30 44 361 
0 1 0 0 0 0 0 0 0 0 0 0 0 
16
0 66 128 211 46 219 100 48 224 31 337 21 42 189 333 361 
0 0 1 0 0 0 0 0 0 0 0 0 0 0 0 0 
