15
0 565 517 100 117 351 472 145 449 516 260 219 211 492 577 
0 1 0 0 0 0 0 0 0 0 0 0 0 0 0 
14
0 300 537 224 40 532 433 562 452 46 37 489 312 577 
0 1 0 0 0 0 0 0 0 0 0 0 0 0 
14
0 233 485 157 411 494 294 21 98 341 509 48 406 577 
0 0 1 0 0 0 0 0 0 0 0 0 0 0 
15
0 53 493 88 169 197 526 317 166 30 366 14 23 476 577 
0 0 1 0 0 0 0 0 0 0 0 0 0 0 0 
14
0 61 32 486 330 173 311 460 502 491 17 103 80 577 
0 0 1 0 0 0 0 0 0 0 0 0 0 0 
14
0 247 307 54 31 490 202 204 447 469 291 459 501 577 
0 0 1 0 0 0 0 0 0 0 0 0 0 0 
15
0 453 168 573 142 160 69 421 391 220 426 571 56 124 577 
0 0 1 0 0 0 0 0 0 0 0 0 0 0 0 
