13
0 260 66 117 88 494 454 36 485 452 440 517 529 
0 1 0 0 0 0 0 0 0 0 0 0 0 
14
0 489 395 142 246 247 458 490 219 136 157 493 312 529 
0 0 0 1 0 0 0 0 0 0 0 0 0 0 
16
0 160 109 351 345 168 505 135 209 98 385 300 61 166 447 529 
0 1 0 0 0 0 0 0 0 0 0 0 0 0 0 0 
13
0 501 337 391 472 40 526 68 197 30 432 44 529 
0 1 0 0 0 0 0 0 0 0 0 0 0 
14
0 220 258 124 252 393 232 202 233 32 14 502 194 529 
0 1 0 0 0 0 0 0 0 0 0 0 0 0 
14
0 471 54 169 491 362 90 317 224 469 305 17 291 529 
0 1 0 0 0 0 0 0 0 0 0 0 0 0 
13
0 392 48 281 420 411 341 418 525 226 396 46 529 
0 1 0 0 0 0 0 0 0 0 0 0 0 
17
0 516 509 70 426 173 496 184 498 69 100 56 7 103 330 476 529 
0 1 0 0 0 0 0 0 0 0 0 0 0 0 0 0 0 
