11
0 124 23 77 219 456 260 14 337 406 577 
0 1 0 0 0 0 0 0 0 0 0 
10
0 476 123 29 145 117 312 573 516 577 
0 0 1 0 0 0 0 0 0 0 
9
0 489 449 452 517 76 168 344 577 
0 1 0 0 0 0 0 0 0 
10
0 10 501 447 204 412 21 294 165 577 
0 0 1 0 0 0 0 0 0 0 
10
0 300 537 391 421 311 173 69 330 577 
0 1 0 0 0 0 0 0 0 0 
11
0 82 492 345 197 166 317 30 211 366 577 
0 1 0 0 0 0 0 0 0 0 0 
11
0 493 272 363 423 459 494 169 411 485 577 
0 1 0 0 0 0 0 0 0 0 0 
10
0 32 80 418 122 220 571 56 88 577 
0 1 0 0 0 0 0 0 0 0 
