16
0 258 160 211 509 68 516 489 496 317 532 53 502 61 459 577 
0 1 0 0 0 0 0 0 0 0 0 0 0 0 0 0 
15
0 391 70 411 385 226 531 330 88 69 494 499 449 286 577 
0 1 0 0 0 0 0 0 0 0 0 0 0 0 0 
14
0 30 103 392 472 311 166 433 526 571 307 471 486 577 
0 0 1 0 0 0 0 0 0 0 0 0 0 0 
15
0 527 219 54 452 7 44 117 454 169 421 505 281 220 577 
0 0 1 0 0 0 0 0 0 0 0 0 0 0 0 
13
0 17 573 135 32 66 476 565 157 493 525 197 577 
0 1 0 0 0 0 0 0 0 0 0 0 0 
16
0 381 209 48 246 124 491 177 351 326 418 406 420 469 395 577 
0 1 0 0 0 0 0 0 0 0 0 0 0 0 0 0 
13
0 291 31 440 396 492 98 224 100 501 90 202 577 
0 1 0 0 0 0 0 0 0 0 0 0 0 
17
0 460 517 173 490 260 145 94 393 92 142 498 412 109 176 337 577 
0 1 0 0 0 0 0 0 0 0 0 0 0 0 0 0 0 
