13
0 258 98 326 56 381 412 418 46 166 202 233 433 
0 0 1 0 0 0 0 0 0 0 0 0 0 
13
0 40 209 411 356 31 90 100 305 145 77 92 433 
0 1 0 0 0 0 0 0 0 0 0 0 0 
14
0 312 294 48 37 391 395 164 311 431 17 7 32 433 
0 0 1 0 0 0 0 0 0 0 0 0 0 0 
16
0 23 160 396 61 128 21 330 14 142 68 168 157 219 69 433 
0 1 0 0 0 0 0 0 0 0 0 0 0 0 0 0 
18
0 307 54 420 135 141 260 66 224 337 103 331 30 247 291 15 300 433 
0 1 0 0 0 0 0 0 0 0 0 0 0 0 0 0 0 0 
16
0 124 281 226 53 176 366 341 204 169 421 317 424 80 252 433 
0 0 1 0 0 0 0 0 0 0 0 0 0 0 0 0 
