15
0 157 205 64 227 103 168 311 42 128 23 29 37 69 385 
0 1 0 0 0 0 0 0 0 0 0 0 0 0 0 
13
0 14 252 54 175 258 26 7 134 122 66 209 385 
0 0 1 0 0 0 0 0 0 0 0 0 0 
15
0 135 356 345 137 211 219 305 294 124 247 36 80 142 385 
0 1 0 0 0 0 0 0 0 0 0 0 0 0 0 
14
0 15 40 141 115 381 70 364 312 228 232 202 160 385 
0 0 1 0 0 0 0 0 0 0 0 0 0 0 
14
0 197 300 236 246 100 307 51 317 362 326 169 77 385 
0 1 0 0 0 0 0 0 0 0 0 0 0 0 
17
0 56 333 46 366 21 48 53 204 166 92 194 109 32 177 170 385 
0 1 0 0 0 0 0 0 0 0 0 0 0 0 0 0 0 
15
0 337 176 31 173 164 117 184 272 242 98 68 235 199 385 
0 1 0 0 0 0 0 0 0 0 0 0 0 0 0 
14
0 331 82 30 88 372 357 183 226 341 145 94 220 385 
0 0 1 0 0 0 0 0 0 0 0 0 0 0 
