956
9 0 36 26 88 21 47 90 38 99 
6 7.49 8.70198 9.53616 10.6676 11.4469 13.1975 14.052 14.7125 
0 5 10 14 18 21 28 32 34 
90

9 0 85 34 87 39 71 91 9 99 
6 7.81941 9.14326 10.7896 11.789 12.6975 13.772 14.362 14.8503 
0 7 12 19 23 26 31 33 35 
87

9 0 37 40 52 72 57 96 77 99 
6 6.59467 7.52778 8.34673 9.32289 10.0611 11.7748 13.1445 14.7873 
0 2 6 9 13 16 23 28 35 
96

10 0 70 74 65 97 48 45 84 14 99 
6 7.31 8.41912 8.98492 10.239 11.3976 13.1847 13.8233 14.6406 14.903 
0 5 9 11 16 21 28 31 34 35 
45

