15
0 393 260 68 421 122 295 173 233 54 224 424 135 92 433 
0 0 1 0 0 0 0 0 0 0 0 0 0 0 0 
14
0 197 244 385 124 183 78 23 247 32 216 94 76 433 
0 1 0 0 0 0 0 0 0 0 0 0 0 0 
12
0 77 46 142 44 166 43 228 48 194 188 433 
0 1 0 0 0 0 0 0 0 0 0 0 
16
0 14 10 88 412 246 432 123 164 281 117 168 311 90 294 433 
0 1 0 0 0 0 0 0 0 0 0 0 0 0 0 0 
15
0 381 109 242 345 98 227 416 305 175 300 145 341 220 433 
0 1 0 0 0 0 0 0 0 0 0 0 0 0 0 
16
0 356 252 56 134 82 209 236 100 140 36 349 395 317 160 433 
0 0 1 0 0 0 0 0 0 0 0 0 0 0 0 0 
15
0 286 307 326 357 64 312 42 372 53 226 30 69 31 433 
0 1 0 0 0 0 0 0 0 0 0 0 0 0 0 
17
0 40 5 128 157 351 406 411 184 396 333 7 423 366 35 219 433 
0 1 0 0 0 0 0 0 0 0 0 0 0 0 0 0 0 
