16
0 117 300 160 32 46 263 169 330 286 64 92 204 69 48 337 
0 1 0 0 0 0 0 0 0 0 0 0 0 0 0 0 
14
0 260 68 198 183 197 51 26 61 21 188 211 82 337 
0 1 0 0 0 0 0 0 0 0 0 0 0 0 
14
0 70 43 124 59 14 252 29 145 17 326 36 31 337 
0 0 1 0 0 0 0 0 0 0 0 0 0 0 
13
0 78 184 311 102 247 272 333 3 56 168 128 337 
0 0 1 0 0 0 0 0 0 0 0 0 0 
14
0 77 195 44 205 157 241 87 137 103 209 131 166 337 
0 1 0 0 0 0 0 0 0 0 0 0 0 0 
14
0 262 115 123 54 10 53 88 281 100 307 40 116 337 
0 1 0 0 0 0 0 0 0 0 0 0 0 0 
15
0 135 220 258 233 173 232 15 216 228 246 244 176 331 337 
0 1 0 0 0 0 0 0 0 0 0 0 0 0 0 
15
0 76 219 317 98 142 58 23 194 294 164 202 80 7 337 
0 0 1 0 0 0 0 0 0 0 0 0 0 0 0 
