12
0 394 69 333 204 421 169 366 381 412 344 433 
0 1 0 0 0 0 0 0 0 0 0 0 
13
0 92 76 233 134 103 331 247 30 291 252 51 433 
0 0 1 0 0 0 0 0 0 0 0 0 0 
10
0 311 395 236 21 330 135 164 423 433 
0 1 0 0 0 0 0 0 0 0 
9
0 7 98 53 157 168 219 226 433 
0 1 0 0 0 0 0 0 0 
9
0 77 44 326 31 281 411 17 433 
0 1 0 0 0 0 0 0 0 
13
0 431 123 178 209 362 61 160 128 391 101 396 433 
0 0 1 0 0 0 0 0 0 0 0 0 0 
9
0 32 377 202 115 46 317 80 433 
0 1 0 0 0 0 0 0 0 
11
0 170 420 42 48 392 66 37 54 361 433 
0 1 0 0 0 0 0 0 0 0 0 
