16
0 88 330 37 94 42 426 204 43 452 393 131 98 117 236 505 
0 1 0 0 0 0 0 0 0 0 0 0 0 0 0 0 
14
0 194 56 220 433 100 406 366 490 312 502 453 80 505 
0 1 0 0 0 0 0 0 0 0 0 0 0 0 
15
0 459 472 31 209 199 70 431 485 260 421 355 499 166 505 
0 1 0 0 0 0 0 0 0 0 0 0 0 0 0 
16
0 173 103 305 176 48 128 311 141 471 476 272 326 291 300 505 
0 1 0 0 0 0 0 0 0 0 0 0 0 0 0 0 
15
0 61 46 494 418 76 286 460 341 440 36 183 232 202 505 
0 1 0 0 0 0 0 0 0 0 0 0 0 0 0 
15
0 109 469 54 69 391 420 246 307 294 14 160 317 142 505 
0 1 0 0 0 0 0 0 0 0 0 0 0 0 0 
14
0 491 40 226 351 164 424 381 454 481 252 145 17 505 
0 0 0 1 0 0 0 0 0 0 0 0 0 0 
