17
0 291 300 326 471 80 395 412 453 103 305 32 135 173 166 499 505 
0 1 0 0 0 0 0 0 0 0 0 0 0 0 0 0 0 
12
0 134 176 48 128 177 141 502 357 476 272 505 
0 0 1 0 0 0 0 0 0 0 0 0 
16
0 40 14 88 30 37 307 94 420 246 391 69 54 90 459 505 
0 1 0 0 0 0 0 0 0 0 0 0 0 0 0 0 
16
0 356 56 485 220 433 260 100 406 366 312 490 421 355 202 505 
0 0 1 0 0 0 0 0 0 0 0 0 0 0 0 0 
13
0 117 198 452 168 219 145 17 252 418 454 236 505 
0 1 0 0 0 0 0 0 0 0 0 0 0 
15
0 492 31 472 142 333 286 460 341 440 36 281 232 295 505 
0 0 0 1 0 0 0 0 0 0 0 0 0 0 0 
16
0 211 209 351 160 381 345 424 109 164 469 92 70 431 194 505 
0 1 0 0 0 0 0 0 0 0 0 0 0 0 0 0 
16
0 61 46 494 98 481 393 43 204 426 294 330 228 317 226 505 
0 1 0 0 0 0 0 0 0 0 0 0 0 0 0 0 
