14
0 15 142 109 94 43 258 145 78 157 141 312 333 361 
0 1 0 0 0 0 0 0 0 0 0 0 0 0 
15
0 341 52 23 262 40 260 54 311 202 183 77 247 351 361 
0 0 1 0 0 0 0 0 0 0 0 0 0 0 0 
17
0 66 128 46 211 219 307 100 48 224 236 31 337 21 42 135 361 
0 1 0 0 0 0 0 0 0 0 0 0 0 0 0 0 0 
15
0 286 169 30 69 226 44 330 61 122 166 177 90 53 361 
0 1 0 0 0 0 0 0 0 0 0 0 0 0 0 
15
0 184 88 345 137 36 175 176 7 300 124 168 123 355 361 
0 0 1 0 0 0 0 0 0 0 0 0 0 0 0 
14
0 17 194 80 269 98 56 32 14 317 197 131 37 361 
0 1 0 0 0 0 0 0 0 0 0 0 0 0 
18
0 216 136 92 252 5 232 220 209 164 117 281 291 148 70 305 173 361 
0 1 0 0 0 0 0 0 0 0 0 0 0 0 0 0 0 0 
