16
0 199 184 56 418 40 224 135 424 197 109 244 68 345 219 433 
0 1 0 0 0 0 0 0 0 0 0 0 0 0 0 0 
14
0 305 123 431 32 247 78 183 173 124 54 294 92 433 
0 1 0 0 0 0 0 0 0 0 0 0 0 0 
12
0 366 77 7 142 166 43 174 48 396 46 433 
0 1 0 0 0 0 0 0 0 0 0 0 
15
0 188 31 69 30 226 53 258 312 64 52 80 406 286 433 
0 1 0 0 0 0 0 0 0 0 0 0 0 0 0 
14
0 90 260 168 311 233 23 21 117 122 421 88 10 433 
0 1 0 0 0 0 0 0 0 0 0 0 0 0 
15
0 44 220 341 145 300 246 412 175 94 76 98 242 14 433 
0 0 1 0 0 0 0 0 0 0 0 0 0 0 0 
15
0 160 317 395 36 128 351 236 209 326 307 194 411 252 433 
0 1 0 0 0 0 0 0 0 0 0 0 0 0 0 
