15
0 269 46 160 326 21 7 53 48 204 166 122 77 333 385 
0 1 0 0 0 0 0 0 0 0 0 0 0 0 0 
14
0 69 307 345 211 219 100 305 294 124 142 220 37 385 
0 1 0 0 0 0 0 0 0 0 0 0 0 0 
14
0 242 183 226 341 173 31 176 337 145 247 80 94 385 
0 1 0 0 0 0 0 0 0 0 0 0 0 0 
15
0 157 98 141 168 311 128 88 30 117 164 246 300 356 385 
0 1 0 0 0 0 0 0 0 0 0 0 0 0 0 
16
0 56 209 66 92 109 194 32 317 177 169 135 40 61 15 385 
0 0 1 0 0 0 0 0 0 0 0 0 0 0 0 0 
13
0 235 68 103 312 381 228 54 175 366 202 252 385 
0 1 0 0 0 0 0 0 0 0 0 0 0 
