2596
23 0 56 169 177 78 134 7 188 302 21 26 48 53 204 166 194 92 109 32 317 178 69 385 
6 24.9781 55.1528 79.8689 92.6983 135.949 157.283 186.109 210.564 244.65 272.021 318.663 332.516 371.901 381.11 405.137 409.846 427.922 448.546 480.833 508.676 536.711 552.617 
0 55 55 55 55 55 55 55 55 55 55 55 55 55 55 55 55 55 55 55 55 55 55 
56

26 0 37 135 197 356 51 300 236 307 100 305 142 247 203 124 294 90 206 219 211 137 345 263 377 363 385 
6 21.2299 42.2754 66.7506 88.7517 110.437 122.098 141.804 159.408 183.778 217.73 232.612 259.537 281.697 326.663 344.226 382.167 419.46 452.639 481.568 487.309 514.006 558.04 609.565 645.106 674.295 
0 55 55 55 55 55 55 55 55 55 55 55 55 55 55 55 55 55 55 55 55 55 55 55 55 55 
37

25 0 246 277 341 226 183 357 233 43 208 117 372 30 88 128 42 311 168 119 102 141 3 174 18 385 
6 44.9063 127.513 161.116 183.437 190.468 216.519 238.816 254.181 274.899 309.403 336.224 350.78 365.293 416.647 448.782 481.174 511.223 532.648 554.284 576.941 581.55 601.384 639.054 665.881 
0 55 55 55 55 55 55 55 55 55 55 55 55 55 55 55 55 55 55 55 55 55 55 55 55 
246

23 0 120 205 64 157 235 59 68 295 364 312 281 228 54 175 241 366 362 160 232 234 202 385 
6 36.0336 87.6384 101.515 113.96 129.944 138.038 145.571 167.952 218.794 249.542 295.27 332.514 375.497 405.024 430.444 452.92 464.776 509.819 537.412 549.948 575.173 615.693 
0 55 55 55 55 55 55 55 55 55 55 55 55 55 55 55 55 55 55 55 55 55 55 
120

23 0 199 170 342 185 98 227 115 103 291 70 381 252 262 46 116 209 326 66 122 77 333 385 
6 18.4704 43.4263 69.2258 74.3407 88.4086 101.188 136.875 176.453 193.127 218.703 236.658 270.669 307.353 310.599 340.244 365.68 392.51 398.201 418.297 433.495 449.308 473.908 
0 49 55 55 55 55 55 55 55 55 55 55 55 55 55 55 55 55 55 55 55 55 55 
199

26 0 94 220 331 272 82 184 164 52 348 198 173 31 176 337 145 35 216 344 123 80 36 29 242 40 385 
6 55.2894 86.8249 105.532 124.422 157.937 187.852 208.819 214.908 226.83 264.123 308.726 332.91 344.074 376.418 402.819 429.014 466.707 488.177 512.604 532.834 561.617 615.316 629.684 653.243 672.618 
0 55 55 55 55 55 55 55 55 55 55 55 55 55 55 55 55 55 55 55 55 55 55 55 55 55 
94

