14
0 169 122 61 30 69 277 199 54 260 311 7 351 361 
0 0 1 0 0 0 0 0 0 0 0 0 0 0 
15
0 90 37 194 17 14 32 56 98 269 80 31 337 21 361 
0 1 0 0 0 0 0 0 0 0 0 0 0 0 0 
14
0 286 52 175 168 247 355 117 281 291 136 173 305 361 
0 0 1 0 0 0 0 0 0 0 0 0 0 0 
15
0 246 317 197 131 51 330 44 166 177 137 348 345 53 361 
0 0 1 0 0 0 0 0 0 0 0 0 0 0 0 
15
0 176 36 174 23 262 40 202 77 300 124 183 123 70 361 
0 1 0 0 0 0 0 0 0 0 0 0 0 0 0 
15
0 333 88 128 142 109 141 356 220 209 164 241 232 216 361 
0 1 0 0 0 0 0 0 0 0 0 0 0 0 0 
16
0 228 116 184 15 94 43 258 145 78 157 5 252 92 312 361 
0 0 1 0 0 0 0 0 0 0 0 0 0 0 0 0 
16
0 66 236 224 48 100 307 208 219 344 242 211 46 42 357 361 
0 1 0 0 0 0 0 0 0 0 0 0 0 0 0 0 
