13
0 157 401 466 219 202 381 447 90 406 54 395 481 
0 1 0 0 0 0 0 0 0 0 0 0 0 
13
0 17 40 305 411 82 362 21 364 300 109 80 481 
0 1 0 0 0 0 0 0 0 0 0 0 0 
13
0 459 141 48 61 123 122 43 226 103 432 433 481 
0 1 0 0 0 0 0 0 0 0 0 0 0 
14
0 46 15 88 385 131 252 307 246 228 424 469 198 481 
0 0 1 0 0 0 0 0 0 0 0 0 0 0 
14
0 14 281 145 421 135 393 176 286 142 7 227 134 481 
0 1 0 0 0 0 0 0 0 0 0 0 0 0 
16
0 426 204 31 94 194 412 420 220 211 197 456 177 258 224 481 
0 0 1 0 0 0 0 0 0 0 0 0 0 0 0 0 
20
0 23 36 169 53 164 68 30 460 56 452 160 366 168 137 341 32 330 454 481 
0 1 0 0 0 0 0 0 0 0 0 0 0 0 0 0 0 0 0 0 
15
0 396 391 472 476 311 260 128 471 357 291 337 117 69 481 
0 1 0 0 0 0 0 0 0 0 0 0 0 0 0 
