14
0 23 449 562 100 433 70 164 160 330 537 32 88 577 
0 1 0 0 0 0 0 0 0 0 0 0 0 0 
13
0 305 173 69 531 109 40 224 532 145 90 476 577 
0 1 0 0 0 0 0 0 0 0 0 0 0 
15
0 53 61 493 157 169 21 494 345 14 219 260 573 489 577 
0 0 1 0 0 0 0 0 0 0 0 0 0 0 0 
13
0 294 459 204 98 509 317 166 492 211 366 124 577 
0 1 0 0 0 0 0 0 0 0 0 0 0 
14
0 486 80 418 307 491 502 103 460 499 311 128 142 577 
0 1 0 0 0 0 0 0 0 0 0 0 0 0 
13
0 135 485 411 501 56 43 447 48 30 337 406 577 
0 1 0 0 0 0 0 0 0 0 0 0 0 
15
0 300 391 421 351 117 312 517 452 46 565 37 168 516 577 
0 0 1 0 0 0 0 0 0 0 0 0 0 0 0 
13
0 526 341 469 412 291 31 54 490 393 220 571 577 
0 0 1 0 0 0 0 0 0 0 0 0 0 
