19
0 94 21 409 330 141 364 14 164 395 311 431 391 420 54 396 355 307 433 
0 1 0 0 0 0 0 0 0 0 0 0 0 0 0 0 0 0 0 
14
0 124 252 80 202 247 317 424 46 305 145 166 32 433 
0 0 1 0 0 0 0 0 0 0 0 0 0 0 
15
0 40 412 381 366 421 244 341 326 69 31 44 300 92 433 
0 1 0 0 0 0 0 0 0 0 0 0 0 0 0 
14
0 197 219 168 157 53 176 56 418 177 100 211 90 433 
0 0 1 0 0 0 0 0 0 0 0 0 0 0 
15
0 258 77 411 281 68 142 372 135 23 260 228 66 209 433 
0 1 0 0 0 0 0 0 0 0 0 0 0 0 0 
17
0 43 61 160 128 362 226 82 401 169 204 98 356 17 7 76 433 
0 1 0 0 0 0 0 0 0 0 0 0 0 0 0 0 0 
17
0 15 233 291 115 30 103 331 337 224 294 312 48 392 37 42 433 
0 1 0 0 0 0 0 0 0 0 0 0 0 0 0 0 0 
