15
0 392 305 300 412 246 175 123 117 295 94 76 77 366 433 
0 0 1 0 0 0 0 0 0 0 0 0 0 0 0 
14
0 160 395 56 40 317 224 424 54 124 109 90 294 433 
0 1 0 0 0 0 0 0 0 0 0 0 0 0 
16
0 333 46 396 194 69 307 351 157 128 286 411 184 31 252 433 
0 1 0 0 0 0 0 0 0 0 0 0 0 0 0 0 
16
0 44 220 391 341 145 39 88 122 421 260 68 98 10 14 433 
0 0 1 0 0 0 0 0 0 0 0 0 0 0 0 0 
14
0 92 219 242 197 173 233 23 32 247 168 311 345 433 
0 1 0 0 0 0 0 0 0 0 0 0 0 0 
14
0 177 406 209 326 30 226 53 258 48 166 142 7 433 
0 0 1 0 0 0 0 0 0 0 0 0 0 0 
