15
0 109 14 94 246 391 69 54 90 351 469 70 431 56 505 
0 0 1 0 0 0 0 0 0 0 0 0 0 0 0 
15
0 291 300 326 421 471 312 141 224 128 48 176 453 80 505 
0 1 0 0 0 0 0 0 0 0 0 0 0 0 0 
14
0 166 499 194 164 37 307 330 88 424 160 226 459 505 
0 1 0 0 0 0 0 0 0 0 0 0 0 0 
15
0 485 220 489 476 433 100 406 366 490 502 32 135 173 505 
0 1 0 0 0 0 0 0 0 0 0 0 0 0 0 
15
0 454 117 494 98 418 252 145 17 341 460 286 46 202 505 
0 1 0 0 0 0 0 0 0 0 0 0 0 0 0 
13
0 472 142 228 317 381 42 204 43 452 393 481 505 
0 1 0 0 0 0 0 0 0 0 0 0 0 
