11
0 349 454 494 481 198 117 436 230 236 505 
0 1 0 0 0 0 0 0 0 0 0 
10
0 295 272 489 476 100 357 144 326 505 
0 1 0 0 0 0 0 0 0 0 
11
0 87 469 65 37 94 42 14 330 110 505 
0 0 1 0 0 0 0 0 0 0 0 
11
0 499 166 372 355 342 471 421 222 291 505 
0 1 0 0 0 0 0 0 0 0 0 
10
0 335 46 333 76 26 50 418 206 505 
0 0 1 0 0 0 0 0 0 0 
10
0 459 5 109 88 424 381 8 274 505 
0 1 0 0 0 0 0 0 0 0 
11
0 209 194 431 70 161 105 351 164 472 505 
0 0 1 0 0 0 0 0 0 0 0 
12
0 202 61 142 410 317 228 331 296 226 457 505 
0 1 0 0 0 0 0 0 0 0 0 0 
