10
0 260 66 477 440 46 351 62 517 529 
0 1 0 0 0 0 0 0 0 0 
11
0 401 45 228 391 100 69 504 136 35 529 
0 1 0 0 0 0 0 0 0 0 0 
11
0 356 119 220 187 456 361 166 61 392 529 
0 1 0 0 0 0 0 0 0 0 0 
10
0 471 458 90 317 362 169 115 54 529 
0 1 0 0 0 0 0 0 0 0 
11
0 516 44 92 355 70 426 236 312 509 529 
0 1 0 0 0 0 0 0 0 0 0 
11
0 198 495 18 14 502 246 247 461 291 529 
0 1 0 0 0 0 0 0 0 0 0 
13
0 144 175 496 289 493 157 184 295 498 219 490 529 
0 1 0 0 0 0 0 0 0 0 0 0 0 
11
0 109 281 377 466 76 418 341 209 505 529 
0 1 0 0 0 0 0 0 0 0 0 
