14
0 244 381 412 418 90 100 305 211 145 331 30 103 433 
0 0 1 0 0 0 0 0 0 0 0 0 0 0 
14
0 124 326 44 29 202 317 166 46 136 115 80 252 433 
0 1 0 0 0 0 0 0 0 0 0 0 0 0 
14
0 7 31 98 356 362 432 183 233 263 77 40 333 433 
0 1 0 0 0 0 0 0 0 0 0 0 0 0 
13
0 337 224 134 247 291 421 53 168 157 281 423 433 
0 0 1 0 0 0 0 0 0 0 0 0 0 
17
0 355 420 391 61 135 14 272 372 175 142 68 364 164 123 431 433 
0 0 1 0 0 0 0 0 0 0 0 0 0 0 0 0 0 
18
0 92 51 32 300 15 307 396 311 128 160 236 330 23 260 228 42 433 
0 1 0 0 0 0 0 0 0 0 0 0 0 0 0 0 0 0 
17
0 17 411 226 219 82 401 341 56 176 366 169 204 69 258 199 433 
0 1 0 0 0 0 0 0 0 0 0 0 0 0 0 0 0 
16
0 10 209 395 141 21 36 294 48 312 392 66 37 54 76 433 
0 0 1 0 0 0 0 0 0 0 0 0 0 0 0 0 
