2516
28 0 135 116 252 189 199 36 100 307 5 236 160 262 211 312 21 61 173 15 83 330 172 169 263 70 166 204 337 
6 31.028 56.445 95.4951 119.394 148.899 180.405 212.182 234.752 268.343 283.01 311.069 330.951 347.657 410.636 437.794 472.271 505.346 528.173 540.545 566.512 586.878 600.974 617.224 637.548 658.245 683.929 698.003 
0 55 55 55 55 55 55 55 55 55 55 55 55 55 55 55 55 55 55 55 55 55 55 55 55 55 55 55 
135

20 0 14 163 235 124 198 183 205 176 197 228 209 131 216 43 286 258 220 206 337 
6 49.6713 71.6236 99.8185 120.142 143.558 171.322 195.834 209.566 219.675 237.688 249.146 257.842 279.556 306.784 323.521 351.422 362.617 390.689 412.555 
0 55 55 55 55 55 55 55 55 55 55 55 55 55 55 55 55 55 55 55 
14

24 0 269 64 165 68 331 157 241 101 255 246 51 244 87 137 103 26 233 300 319 31 141 295 337 
6 27.0283 55.8674 63.8631 87.7563 106.914 188.269 221.353 255.374 282.939 325.73 343.618 358.906 380.687 399.851 413.309 438.636 478.421 519.298 525.153 558.953 576.122 588.54 621.453 
0 55 55 55 55 55 55 55 55 55 55 55 55 55 55 55 55 55 55 55 55 55 55 55 
64

24 0 234 69 77 44 188 39 46 305 32 123 115 34 158 54 10 140 53 227 18 88 281 302 337 
6 20.919 60.5941 74.418 90.8154 153.095 170.615 182.988 195.772 210.06 226.853 231.122 288.841 304.434 344.623 412.251 449.327 466.92 494.835 539.981 569.488 585.054 630.335 666.168 
0 55 55 55 55 55 55 55 55 55 55 55 55 55 55 55 55 55 55 55 55 55 55 55 
69

24 0 82 117 29 17 145 56 3 148 333 272 42 178 202 164 311 58 294 179 277 80 184 168 337 
6 38.3714 62.5444 90.439 96.2209 116.696 211.503 246.774 264.757 281.575 304.314 338.639 369.89 381.835 403.26 419.289 454.685 486.341 517.648 529.062 564.897 584.666 613.296 643.688 
0 55 55 55 55 55 55 55 55 55 55 55 55 55 55 55 55 55 55 55 55 55 55 55 
82

23 0 128 78 76 7 59 86 174 219 317 98 194 23 22 142 65 308 35 102 247 37 136 337 
6 23.7053 29.1058 56.4053 92.7857 119.079 146.611 160.113 185.107 217.191 229.96 249.695 271.724 297.171 325.323 340.081 351.693 362.568 386.285 399.026 437.768 462.653 603.236 
0 55 55 55 55 55 55 55 55 55 55 55 55 55 55 55 55 55 55 55 55 55 55 
128

