11
0 170 68 260 145 3 317 496 516 53 577 
0 1 0 0 0 0 0 0 0 0 0 
10
0 400 66 476 565 246 157 48 232 577 
0 0 1 0 0 0 0 0 0 0 
10
0 160 499 69 10 472 291 219 188 577 
0 0 1 0 0 0 0 0 0 0 
10
0 286 392 305 166 7 82 258 452 577 
0 1 0 0 0 0 0 0 0 0 
11
0 30 395 412 197 381 173 555 198 517 577 
0 1 0 0 0 0 0 0 0 0 0 
10
0 460 211 236 94 92 131 209 509 577 
0 1 0 0 0 0 0 0 0 0 
11
0 436 202 289 241 90 443 307 401 263 577 
0 1 0 0 0 0 0 0 0 0 0 
11
0 220 486 471 571 281 397 526 440 54 577 
0 0 1 0 0 0 0 0 0 0 0 
