419
11 0 106 107 103 116 114 18 90 89 86 121 
6 13.8102 16.9725 21.0956 26.9266 41.9266 43.3408 47.5834 50.7457 54.7457 61.1488 
0 31 43 55 55 55 55 55 55 55 55 
106

12 0 105 92 91 100 98 115 109 108 84 111 121 
6 12.4031 22.252 24.4881 35.6684 44.6127 53.6127 62.1567 69.2277 80.4081 86.8112 92.6421 
0 25 55 55 55 55 55 55 55 55 55 55 
105

11 0 87 93 85 118 97 94 96 99 102 121 
6 11.831 17.2161 24.4272 33.9141 43.9141 47.0763 49.3124 54.3124 58.7845 65.4927 
0 23 44 55 55 55 55 55 55 55 55 
87

12 0 82 81 5 3 11 9 7 6 83 117 121 
6 11 16 51 53 57 59 61.2361 63.2361 88.4749 92.0805 105.497 
0 20 40 55 55 55 55 55 55 55 55 55 
82

