14
0 516 260 46 505 48 61 166 395 142 246 291 392 529 
0 1 0 0 0 0 0 0 0 0 0 0 0 0 
14
0 92 426 493 157 30 68 197 88 7 103 494 476 529 
0 0 1 0 0 0 0 0 0 0 0 0 0 0 
13
0 247 194 502 14 32 17 305 202 252 124 220 529 
0 1 0 0 0 0 0 0 0 0 0 0 0 
14
0 44 509 173 219 54 169 491 449 317 90 458 471 529 
0 0 1 0 0 0 0 0 0 0 0 0 0 0 
15
0 351 396 345 168 281 135 418 341 420 411 98 385 300 529 
0 0 0 1 0 0 0 0 0 0 0 0 0 0 0 
15
0 447 501 205 69 100 391 472 459 40 526 498 490 312 529 
0 1 0 0 0 0 0 0 0 0 0 0 0 0 0 
12
0 517 66 330 454 36 485 452 226 209 109 529 
0 1 0 0 0 0 0 0 0 0 0 0 
