11
0 191 76 228 307 131 277 68 418 348 481 
0 1 0 0 0 0 0 0 0 0 0 
11
0 281 411 88 157 466 219 372 202 82 481 
0 1 0 0 0 0 0 0 0 0 0 
11
0 395 158 54 406 440 177 456 258 455 481 
0 1 0 0 0 0 0 0 0 0 0 
10
0 14 120 305 362 80 255 469 198 481 
0 1 0 0 0 0 0 0 0 0 
11
0 227 433 430 357 135 142 432 421 69 481 
0 0 1 0 0 0 0 0 0 0 0 
10
0 181 134 145 17 40 441 15 73 481 
0 0 1 0 0 0 0 0 0 0 
11
0 368 467 459 311 476 472 391 204 396 481 
0 0 1 0 0 0 0 0 0 0 0 
13
0 164 30 381 240 56 460 169 53 36 23 5 481 
0 1 0 0 0 0 0 0 0 0 0 0 0 
