152000
19 0 83 66 4 36 43 123 60 159 139 65 28 118 7 76 62 33 50 161 
6 6.81256 7.2268 7.64762 8.00605 8.37788 9.11729 10.354 10.554 11.2951 11.6483 12.1648 12.5725 12.8292 13.4836 14.4599 14.8663 15.3469 15.9981 
0 3 4 6 8 9 12 17 18 21 22 24 26 27 29 33 35 37 39 
60

16 0 151 141 42 90 85 8 124 47 56 15 23 49 88 143 161 
6 7.32782 7.5781 7.97935 8.39526 8.70945 9.05503 11.0978 11.7649 11.9649 12.4639 12.9282 13.3308 13.7414 14.9571 15.4776 
0 5 6 7 9 10 12 20 23 23 25 27 29 30 35 37 
124

20 0 69 11 58 77 125 82 25 53 6 16 78 30 121 98 86 5 24 100 161 
6 6.89247 7.09247 7.29247 7.74632 8.27691 8.78197 8.98197 10.7223 11.1006 11.5895 12.5004 13.3959 13.7855 14.1697 14.5231 14.8405 15.207 15.6357 15.9003 
0 3 4 5 6 9 11 11 18 20 22 26 29 31 32 34 35 36 38 39 
53

21 0 74 93 71 48 149 38 84 44 35 155 39 113 14 87 40 138 96 57 130 161 
6 6.7 7.13904 7.33904 7.61512 7.86645 8.19062 8.82699 9.37737 10.4323 10.9048 11.3175 11.6876 12.4005 12.8078 13.601 14.0514 14.6798 15.0551 15.3864 15.9962 
0 2 4 5 6 7 8 11 13 17 19 21 22 25 27 30 32 34 36 37 39 
35

20 0 152 46 55 107 70 129 17 41 97 119 1 145 144 99 22 122 72 80 161 
6 6.7 7.73811 8.30057 8.8462 9.24305 10.5407 10.8983 11.1454 11.5797 11.8779 12.1377 12.3377 12.8878 13.2597 13.752 14.0443 14.5153 15.0257 15.9124 
0 2 6 9 11 12 18 19 20 22 23 24 25 27 29 31 32 34 36 39 
129

19 0 147 128 102 29 89 92 21 12 116 13 73 160 134 19 68 158 32 161 
6 6.80146 7.52778 7.9425 8.45128 9.19215 9.60973 9.97476 10.5519 11.6383 12.1235 12.7194 13.0779 13.6268 14.2672 14.7561 15.1532 15.4646 15.9129 
0 3 6 7 9 12 14 15 18 22 24 26 28 30 33 35 36 37 39 
116

19 0 120 106 157 154 59 20 64 27 111 26 115 79 91 131 34 108 148 161 
6 7.77903 8.30166 8.74947 9.12067 10.173 10.6098 10.8098 11.1923 11.8764 12.1796 12.4469 12.6469 13.1856 13.4647 13.8448 14.2446 15.2529 15.8244 
0 7 9 10 12 16 18 19 20 23 24 25 26 28 29 31 32 37 39 
59

18 0 67 18 104 95 81 63 136 135 51 61 153 146 126 45 2 137 161 
6 6.74603 7.23592 8.31442 8.85315 9.54596 10.7396 11.0274 11.6938 12.0045 12.2994 12.6041 13.1658 13.6967 14.2325 14.4325 15.3655 15.9725 
0 2 4 9 11 14 18 20 22 24 25 26 28 30 32 33 37 39 
63

18 0 94 112 109 156 52 3 127 150 114 9 10 133 75 142 103 132 161 
6 6.7 7.17549 7.59524 8.13701 8.97282 10.0222 10.366 10.9511 11.3989 11.6322 11.8322 12.1954 12.7008 13.0617 13.3797 14.8695 15.051 
0 2 4 6 8 11 16 17 19 21 22 23 24 26 28 29 35 36 
3

