10
0 120 356 197 135 342 185 205 157 385 
0 1 0 0 0 0 0 0 0 0 
11
0 199 160 209 66 46 333 77 169 177 385 
0 1 0 0 0 0 0 0 0 0 0 
12
0 269 68 239 115 174 141 3 227 98 64 385 
0 1 0 0 0 0 0 0 0 0 0 0 
10
0 33 232 202 228 252 18 59 235 385 
0 1 0 0 0 0 0 0 0 0 
11
0 37 300 307 100 219 211 137 69 104 385 
0 1 0 0 0 0 0 0 0 0 0 
11
0 56 7 362 134 166 92 109 122 133 385 
0 1 0 0 0 0 0 0 0 0 0 
11
0 214 331 272 30 88 29 242 40 230 385 
0 1 0 0 0 0 0 0 0 0 0 
12
0 170 179 220 323 94 80 247 142 246 50 385 
0 1 0 0 0 0 0 0 0 0 0 0 
