13
0 341 168 246 307 252 109 300 385 15 281 14 481 
0 1 0 0 0 0 0 0 0 0 0 0 0 
13
0 160 202 80 219 157 411 305 40 291 69 433 481 
0 1 0 0 0 0 0 0 0 0 0 0 0 
15
0 311 128 260 48 61 124 194 94 31 472 476 391 204 481 
0 1 0 0 0 0 0 0 0 0 0 0 0 0 0 
15
0 23 53 30 460 56 452 447 381 68 32 88 330 469 481 
0 1 0 0 0 0 0 0 0 0 0 0 0 0 0 
14
0 46 134 459 226 103 286 176 337 117 142 421 145 481 
0 0 1 0 0 0 0 0 0 0 0 0 0 0 
14
0 169 90 220 440 258 177 406 54 395 224 396 426 481 
0 1 0 0 0 0 0 0 0 0 0 0 0 0 
