15
0 53 571 459 204 469 341 98 48 509 317 492 157 485 577 
0 1 0 0 0 0 0 0 0 0 0 0 0 0 0 
12
0 69 40 109 224 433 117 145 312 489 573 577 
0 1 0 0 0 0 0 0 0 0 0 0 
15
0 14 406 260 219 166 526 56 80 61 32 486 330 88 577 
0 1 0 0 0 0 0 0 0 0 0 0 0 0 0 
13
0 247 501 220 54 490 447 21 294 494 411 493 577 
0 1 0 0 0 0 0 0 0 0 0 0 0 
15
0 307 491 502 460 311 160 173 305 391 421 142 178 537 577 
0 1 0 0 0 0 0 0 0 0 0 0 0 0 0 
15
0 124 23 516 168 37 565 46 452 100 517 449 351 476 577 
0 1 0 0 0 0 0 0 0 0 0 0 0 0 0 
